10000
70487
34195
61958
97552
14547
96835
84335
20154
78903
38089
85336
70657
39401
97085
96187
36470
78977
81093
52574
12481
9738
96821
20414
21834
86196
39303
98603
58697
3867
47607
60757
17160
33439
29171
23768
94393
11449
35160
32876
62648
23907
4518
47471
72115
76411
35071
86747
88525
61769
20119
48634
26296
28120
55690
90776
95231
66018
63027
3319
29089
85445
99516
17792
21992
34960
21919
63148
23842
31998
13911
94674
57452
97146
28490
50303
40196
3135
30944
65474
27037
24853
46153
79344
13432
50658
21116
1660
91840
59051
48678
4266
50977
85947
30368
15897
84356
32858
91126
6426
30547
46479
69425
77404
46150
94574
55065
31616
85186
62669
59861
99013
56660
80959
77782
24367
21345
85635
54912
74142
87988
34568
6612
39814
64634
52005
8021
21436
24633
17304
35491
10079
28195
62397
15423
67001
34474
68381
91348
37111
49436
62341
56765
52468
91063
19783
78147
53436
60329
49764
83042
29716
40927
20342
53315
18287
50045
43048
20069
48236
90538
18494
56854
67845
36882
46554
37901
80812
23653
19274
83681
2966
36598
86070
34395
46099
96537
20720
47204
43392
57936
62842
71602
96162
77823
59372
90310
42082
59360
70483
78574
1869
61049
8644
10191
8212
70060
61684
78861
41178
93558
19764
68865
10047
11450
49322
85322
98059
91063
91900
99044
93818
60810
94215
47406
80986
60746
48693
19286
33439
26640
9664
96835
33434
45477
58292
56580
7690
8322
55330
32100
56959
13398
33274
15857
69099
86946
88385
75973
1705
31701
58322
62177
84216
45921
43627
39239
14960
8313
45645
14802
23211
26016
99230
16241
40784
57615
24129
84645
280
79271
59922
89364
44371
83816
26108
88630
63152
46833
59565
55109
14089
55685
91346
14700
6350
68678
95262
80869
39237
88453
43965
73926
63771
93385
12431
56017
14159
91934
9035
88768
54705
9582
9003
31592
38816
47470
57143
5750
20729
95252
80081
50400
51285
90998
43992
92442
62143
8475
86362
81539
51635
62310
98387
82393
13819
40227
84693
94792
26891
87478
65438
70729
3789
83181
49256
68885
68593
33385
46880
32191
47765
86346
93587
86375
44410
48625
774
25435
33122
68460
2786
39634
69313
2786
69970
74021
42501
45878
76712
31736
33627
37147
93140
72459
99910
46308
70665
39313
63569
86106
29437
62857
87951
72523
19030
59290
36750
39705
41785
99062
74820
18496
60683
68118
39886
66845
9062
70634
62535
96838
8632
93536
95927
58875
12057
18133
7732
47344
42139
15792
77568
38154
91182
44353
57870
65296
94715
26902
92033
24730
59121
30835
31570
6505
32719
29504
94121
6693
19557
2479
99558
58073
57657
63312
50307
55405
30589
92856
16813
20912
45280
81746
18006
53066
81458
4993
70148
75393
2905
85770
9811
27891
52622
82489
79375
43303
77145
43096
87972
45286
83347
36171
70343
88366
72087
47340
88178
81088
31501
14262
22519
29764
83013
45246
73063
95975
6466
82209
94763
88837
37055
98337
23115
54141
24075
9692
53539
19717
42937
93732
75501
19906
91585
96116
62087
91404
49658
61616
29786
27642
81848
41467
26430
42106
62874
10129
16041
76744
54547
75838
27895
84090
54887
37106
64456
26882
36826
67108
31322
12556
62430
67986
70740
78017
37213
55902
44648
78920
2900
28766
123
32446
75394
20727
79118
44336
50198
24789
24880
49964
6111
47888
93978
12171
48714
28060
22169
59920
19809
93726
94007
75879
8226
26197
17421
42564
72456
53036
99745
74363
50878
8122
78628
15329
8591
18828
55285
50955
47257
91014
25314
75856
63908
94790
39959
9083
26304
18392
30955
4008
93651
4880
13316
98798
13043
3591
98997
71847
34003
29845
17560
74428
17268
10859
43632
97559
54864
90907
33850
22269
36125
27217
63950
38446
34855
31256
94391
33070
46743
32170
42173
54352
94154
51018
59618
34913
1929
55596
16504
58506
81526
18806
19892
99883
21665
10100
64082
97049
38052
78668
82263
70388
42093
6444
64318
20110
80605
14174
28431
32663
16144
17456
61854
76871
18382
93029
92639
58252
32072
79679
52395
56052
58687
91668
18824
21454
58661
36553
76542
25043
73823
13485
27678
64819
41808
55194
36066
63878
44778
16607
49693
78641
95453
53636
84112
79148
23215
13727
98628
74471
20501
56839
97537
82437
25302
67790
37140
73904
69360
62878
86896
15649
40370
73503
67989
21518
85397
78945
6062
26945
57034
82703
72936
58789
45342
81732
15024
25962
58306
95158
110
2867
57329
33440
25263
32570
66439
60860
88588
96819
72001
57770
81967
44684
27494
82483
72252
65726
33976
74446
75293
41724
5952
61690
4536
94530
79455
77453
67944
29906
96924
57637
87139
51418
94395
2936
13273
47754
2150
57980
89854
70250
71633
89196
46449
73519
28387
31268
8459
69429
79204
94132
76906
62859
27084
51677
95460
17290
46106
87250
53523
33254
97617
17442
86574
78560
83851
50263
86930
14049
2924
18461
75070
46108
77067
88780
55836
34052
61807
36491
37066
44680
96388
93739
62815
42155
17945
9048
16028
99666
5415
93568
87914
35547
44736
90951
90025
36127
47661
24646
7888
65662
23429
71759
18013
15541
64964
52236
87281
22543
59414
16818
85370
15777
50325
59261
96672
84124
99597
43684
23217
98216
40743
39805
88128
14519
5041
1091
3846
19780
39135
22551
1581
7084
35646
38385
81911
51892
83757
90087
55530
23828
19642
29276
68451
29530
97371
55742
28461
33084
51669
71088
63519
52073
56083
95763
1037
89519
6278
44314
3147
47511
50925
99527
89322
51605
22989
69875
69039
36572
98498
16636
95802
76955
19828
48645
49325
22596
40691
30141
78457
43351
51630
20585
55724
34330
22954
86049
58550
34225
43397
98991
72354
6795
1216
46980
38420
53458
33285
64923
84800
8486
86528
52326
32693
34266
54551
83585
9642
28995
39558
5522
91722
88041
28802
33810
17861
84929
84294
73236
18263
75257
11402
81104
7932
16822
23550
4837
35476
14909
82514
70840
99590
88721
97096
9323
14672
23825
29595
59693
80883
31619
52558
14122
10350
93414
74701
97782
17235
94324
30403
33872
46597
84149
85428
6050
55845
14213
13833
35000
76223
95053
75378
65294
51944
79758
90587
61262
81083
27050
81877
18382
99858
46732
53432
49622
73861
45906
38352
3295
70090
60538
96416
27461
87208
99159
29094
30040
92529
87585
62114
62761
67904
41453
20819
44930
73120
75721
72868
90874
67329
71062
44897
36953
32313
72619
5232
69416
87821
44843
80990
86921
7154
37701
64035
14597
49242
69109
94229
95103
79259
16618
31092
13763
23672
1941
25422
82412
44876
87957
76575
81979
84474
52256
53441
4885
19889
68079
37934
86259
70600
26441
56727
10651
9124
48509
3649
35596
49577
94268
90724
5144
85950
50520
22749
10040
47256
94094
52185
43768
36259
39012
82434
28854
99431
96346
27424
5998
73795
94001
63270
3558
62494
91451
53076
14284
87544
32664
16445
31021
72496
87055
3973
30343
13203
22680
31920
85299
68981
77366
12754
5443
8695
76870
9692
61409
97770
75218
29231
75300
52158
27145
30947
13431
32498
20423
51928
87991
29140
94111
99226
88113
34347
67446
90903
95005
95928
24707
3174
80141
45724
12383
17507
77019
70053
16017
44299
52158
18444
30694
39400
38162
5196
67279
66921
97266
264
72415
48143
99459
80924
90895
59228
52121
32845
10748
17106
78217
54584
39625
91526
53575
27929
37323
88226
69266
56042
13234
68987
64020
90525
43587
29671
48205
91099
81301
93929
30685
21196
56603
81620
76520
73749
34572
1840
34683
61263
43260
63605
86302
66334
21890
79744
51219
27448
31319
14323
73030
39398
25947
81315
84845
80647
20026
98089
87054
26141
50829
61520
63892
71151
35061
47977
4397
18047
83670
51490
65652
7411
26655
55105
69553
25139
44638
23821
67342
75023
30063
46692
42288
19462
4198
1199
91922
81395
82942
7427
69447
98091
58901
70683
46844
4476
46192
78462
30757
82802
67202
75250
25480
19279
17389
95759
81467
27947
98428
3357
45413
93716
42621
79145
57224
31115
45552
96132
56467
58110
38277
9811
19408
46782
89937
24430
23414
10928
79391
22652
53269
85986
64130
29140
70243
69684
41406
53421
76256
81708
31173
47512
98280
85631
77211
11787
18854
99875
45122
64910
46757
59238
4063
10138
5547
27781
67537
58865
71728
50850
25310
29738
1117
21306
8537
38583
84573
86879
62178
85780
11588
40154
87031
68484
24585
26062
69112
71563
6346
48662
51579
41199
13085
65278
26134
28311
70579
18348
39423
7557
3366
84680
35684
86862
36395
98511
57692
23692
58824
62041
71685
25131
43599
23654
8330
55444
34205
96882
21588
49342
41577
97616
20131
53688
39634
13031
66900
5322
39469
79012
32436
84175
43786
74322
39616
37401
28506
14963
40891
12502
24974
96372
30317
5696
25250
93400
42137
25526
79050
89114
80680
45149
50824
47578
81648
27286
56735
14501
64334
57300
21851
31889
32106
21818
56603
2608
74086
17794
39744
8519
97933
25056
90870
59899
33391
77045
44062
21550
38253
80069
8431
30455
98
68882
9008
21397
47856
50253
52991
66409
10795
65930
33586
27385
3049
40082
11689
8775
93664
65018
81607
43984
79083
47736
33529
53064
68423
50644
75272
3329
15156
9658
69124
28505
34864
49462
29444
24000
80247
94566
21320
74202
19222
8060
70257
43492
93342
58918
52472
18043
42955
88972
86465
90729
34896
80466
45913
17007
38432
8511
39819
55050
97691
63058
48390
34197
1613
31648
14483
57313
26951
44909
8049
82391
86212
28265
88363
3355
77048
10720
22811
35723
89169
64254
97366
3483
39476
14201
22917
59367
48257
19433
12840
86269
78344
32260
74437
29941
66159
65895
65611
90544
79038
77794
41841
31386
78144
15051
13247
22537
4916
55262
67445
27417
91045
30572
72420
15581
90580
87912
7746
16597
2359
12886
94053
14836
48229
56221
67253
91624
70361
12537
68451
10943
9449
32008
76726
48769
95302
96055
99643
52861
52951
76421
41330
57257
51185
97950
80995
66845
71704
81119
92053
7746
7054
78362
72083
87677
35819
2400
13751
61487
47568
57275
21624
61332
45798
54638
38955
46343
63313
34480
43261
84721
87874
94242
89719
96307
99252
76717
17578
16223
90756
23134
48285
49819
24674
50971
59972
58711
83871
61261
14918
26620
65797
93956
42775
49552
91266
24307
27554
81678
26035
73175
55376
88255
74759
10535
80250
43072
29309
37508
5986
65091
60119
43300
94361
50996
28546
83099
37690
31591
11389
19543
34981
86528
63475
38282
2825
57562
43619
15197
59455
77430
32401
58330
98174
95069
1661
21851
54010
75794
69906
65493
31916
32137
48710
2761
29077
92607
51234
17401
62635
75251
29668
27513
32212
67935
7935
20862
30606
98588
8078
1654
83899
66301
21796
46010
73881
89931
20068
52393
97929
34176
52088
67578
12737
48513
38858
36397
5615
65787
90158
55944
36657
70764
34145
70867
54062
26767
39046
3887
21495
39069
10920
94836
41011
17737
27024
8044
46201
71114
36567
79284
18731
12894
44069
78885
39529
40367
56329
22851
48753
8479
97341
233
95082
21583
13228
24819
35592
70890
36027
91211
27065
9019
3257
46930
89777
90198
18718
75523
59434
35564
27732
53229
92487
4316
49276
38321
95730
61824
64276
95614
34341
1189
22264
41366
95065
76442
35130
91828
19532
23819
24499
29450
35981
28245
26218
95015
13607
1915
62065
56669
86019
33952
27216
56282
92400
16452
78957
90595
92725
32125
14582
52900
88601
35447
15415
24946
83999
43678
79862
84214
55524
30671
38284
35777
11803
97704
9274
41791
36895
58238
88457
74737
45336
53422
90462
14989
94898
88424
76787
92235
92868
76731
9095
6953
99599
76741
67258
28645
54716
742
37745
65991
98857
16795
81779
83457
44473
33855
32422
84796
86451
30606
11823
42925
40435
17179
51992
7657
89890
35113
44570
79118
90184
41731
19123
15198
20887
1102
32831
97984
87793
90562
56148
77758
93704
76852
34692
1263
25129
26888
93505
10260
36009
44001
79604
48083
29824
46437
36474
10940
37641
43351
61420
4156
59350
34547
76795
11779
29020
24123
57564
67888
39901
71610
61610
29933
88235
29528
66906
51804
54626
16888
49276
74980
63795
37373
73491
35566
86627
11345
57466
19997
38551
97762
74688
64458
11310
47164
56502
67554
5206
15486
83400
73913
88281
52493
36036
31255
85254
7640
76451
93892
93702
23683
63101
26160
9820
72464
65669
88121
7063
67013
47944
20948
9383
63275
45429
82446
71535
12079
25624
1204
61651
1230
23201
99620
29990
14450
17612
84618
55034
67156
75150
50032
4137
51627
92230
11141
63931
14901
48526
17373
24507
75106
23938
26883
86358
67490
97273
15656
1423
49785
28136
13174
52943
69715
68660
25130
88775
28709
96227
95450
70144
96669
2031
49108
59570
28113
18794
22561
31831
27209
29969
32148
49008
74
86682
55301
47255
30932
59227
42496
92049
91865
59194
64016
59755
22507
49650
21830
99573
993
50047
25736
12551
57178
58116
78758
7652
60887
28754
42878
41094
83945
32589
88475
17123
53187
88358
3981
77281
88482
19686
20167
35713
11956
7514
24474
54514
38555
30160
6755
45137
6423
60046
26829
81669
72859
34341
96732
18447
11536
61682
93363
268
82978
7225
89121
34788
70409
53455
84224
90597
53535
54744
42427
73447
47030
36233
29490
86151
34674
99135
56391
96258
48412
82165
84241
89312
50241
89921
5671
63070
23587
82453
71681
4246
53399
45246
73912
93721
22552
82166
56002
79213
76168
40807
76397
36110
89498
31115
61303
53987
58989
97840
34385
13741
71883
88035
90925
66149
53992
27338
86267
19994
80172
44422
82063
50281
36630
30947
76438
86886
64654
80746
34568
35643
82313
80462
36360
91009
8882
67546
75304
85597
985
60743
94198
91802
64709
794
29616
72345
93194
7644
79979
41097
94201
85439
63112
56985
62013
14968
98027
38969
39850
86579
20116
96371
99971
79266
74703
7087
45378
48255
93191
59897
3216
76327
17430
7363
1957
96247
50370
21347
55632
62483
75297
5762
65995
53778
87555
38782
45091
13268
4623
49078
64762
53678
26687
50462
5922
51050
46753
5483
73260
59798
53610
56903
61613
10293
1492
71528
36787
82623
56013
98582
72228
16184
53984
89766
88224
74796
6848
16022
930
44718
38865
77383
42055
26150
7401
14504
20794
56084
77225
40070
81082
81112
22607
88415
31962
37756
2414
57329
77636
43734
4524
9812
64271
56367
15048
60276
40539
5745
66874
11594
3794
61420
34445
23491
89185
77708
1929
61448
46048
25184
79404
84161
65801
52179
52798
65272
94863
2642
98264
66526
92300
64233
45819
79503
11740
82762
18145
40759
83926
43611
52385
63924
89277
42355
16333
46578
58521
98509
13050
36714
82396
10539
80595
4538
69896
72730
6786
33254
78800
32721
17329
77564
14909
58612
58980
60811
11447
59027
57781
24740
93111
68690
71967
7662
55943
27667
93657
54676
40026
9418
66601
37237
66687
69313
26320
71313
93893
98219
99253
67315
51961
96184
29111
66773
31972
75980
87525
42477
49493
3828
99552
59136
2036
85578
13467
12795
14067
30551
75362
58060
94580
60983
48244
81802
52019
41973
13916
93164
89873
75510
56618
79500
50537
37362
76912
75381
29177
48480
86431
8639
61010
46021
2598
42618
67553
14996
6413
94363
2357
68886
14907
70270
12293
86896
37059
1919
33039
33432
47597
96432
44245
91071
43629
717
963
22701
61102
21435
59537
70116
68297
66352
34777
34305
6817
70260
83659
93233
12765
57018
98694
53575
34300
86207
21097
5861
36016
94096
15283
70668
51858
98332
14441
15318
51260
7877
87964
79412
82622
61038
30456
56542
97896
40613
23946
96574
6661
5179
98980
97975
68654
58428
86634
7698
609
5115
66904
83014
1070
73362
7773
76962
667
38191
19205
44241
81123
51106
99645
39148
82693
53292
38793
44432
30021
65848
49159
79840
91902
85679
84892
77705
49909
2045
4030
94881
99350
5390
29749
90188
28506
10814
21210
46800
8882
40261
5079
6600
89902
96924
57997
96201
88275
36124
51257
57809
47336
68755
65199
80867
73905
98149
78615
43316
44254
16916
17419
40208
41531
33621
17143
7063
74627
77316
2056
92935
49823
47078
12201
25346
82006
62790
75640
95085
3633
76490
97756
65171
61386
56948
29012
54736
68877
2231
51049
33048
19945
77420
45823
92292
12855
48724
78705
28068
61615
58202
64044
74113
17580
19716
78619
6347
8952
31130
80271
39762
83705
38951
23923
62191
80771
92312
77036
9538
59558
31933
88563
23886
60367
67054
69767
28818
12068
39401
64512
56726
8286
79485
84745
90014
57063
57495
79963
50078
73404
52733
68310
86228
21516
4887
15337
1295
17160
96673
80921
22549
15127
65787
53299
28605
66701
65434
24160
93956
82377
13253
54280
11379
5046
49672
61591
72313
18951
59370
22490
26545
74588
10149
4724
35181
81870
39179
43321
48435
68007
22170
20461
69147
50343
32069
69600
440
82263
37801
64653
79500
7075
16082
44657
79678
46394
90862
5052
81692
22730
38468
53797
72515
47343
16346
48347
75477
61575
13588
55773
14068
37917
5627
78249
59629
24453
37143
28378
53347
66144
90268
54372
419
50513
27864
16230
12611
24416
72414
27171
29290
81406
66830
65163
21782
90660
11096
27404
52931
93363
61337
84127
21107
57081
10019
62287
83844
46789
81530
89310
752
22479
56976
90266
18751
81286
22728
10627
16191
58893
33934
89613
53985
43886
90840
33350
69885
74759
64641
8393
95471
24406
47626
80364
11276
8827
83374
80953
7607
98515
3827
25932
59826
95506
24232
74484
71385
71090
27317
53945
68804
19226
34759
24388
12347
99208
18572
61199
95513
11967
51924
99914
70345
96163
2649
97807
29257
91213
88732
87416
58990
14194
79431
94216
68285
54310
91036
50260
70491
88179
96226
53820
24694
69569
18617
40657
18934
24505
61384
63295
12925
14125
83252
83255
17929
49651
17986
7024
48713
70344
334
5821
5619
60023
36224
62451
12430
60390
48648
53786
15055
28867
66113
48885
37168
69402
67366
66504
17227
15098
54098
79808
64182
9436
66563
11343
52875
31043
22982
92509
49699
89781
61841
4855
79280
8328
98679
28132
27269
41398
88763
13467
49831
91459
1144
64551
22895
55264
60320
7714
32091
64342
6697
44425
3264
17872
9301
93526
35400
68230
61126
28369
29572
4540
71835
33521
52270
60185
76925
61670
95741
654
57429
48957
37517
89407
2191
97850
48450
14027
87367
78340
96715
70654
42373
82415
53323
62659
37385
26350
74307
54597
35013
6133
75915
31384
45634
14189
52087
18845
87023
83755
46087
75120
87045
95183
72342
33809
18107
23101
85131
28989
88591
33649
28333
33835
75676
65599
32462
47146
36525
78408
60667
25667
34450
61820
72716
71142
88028
34750
2829
41193
85460
3965
44620
16256
5858
43086
75264
9758
86176
64032
3480
22221
89303
73064
2835
45776
54146
10544
12344
72787
8803
89207
46340
21655
69487
23054
37702
67786
23697
40206
55510
73650
35439
61396
78180
28847
75901
82319
86949
20802
46011
97855
60599
60019
61434
17926
96476
50085
22303
7717
78723
28879
66587
32666
2663
88963
24879
35402
76985
86867
71408
66075
95609
44589
93516
14207
2975
85442
38742
46342
79166
73308
58958
23702
66584
80288
53407
59636
20569
45839
86936
35072
48408
66350
20319
29906
76587
33458
8877
16240
78077
65995
15113
34831
53636
89476
94933
25153
42802
70550
3520
88936
97984
86992
51561
32344
60132
37863
60081
89930
20272
7225
28261
29007
19400
53986
61596
54775
24002
18689
58965
65947
89159
72974
29208
94152
73786
32990
59602
99651
52761
56429
1787
60458
58694
70398
3327
94782
72612
16649
30503
39850
12959
77445
14178
31659
20915
78194
5364
52634
39179
85680
56558
943
68017
62892
75030
21371
44079
34483
921
64169
855
9131
47091
20325
49899
97870
21153
3009
83358
87878
4750
40512
33659
12004
66572
99512
45879
61932
6541
48040
42762
38540
52219
54250
2918
48124
60790
3664
92732
91508
34955
79395
19051
14799
38917
39619
23687
48462
49398
32013
49909
74691
99894
64670
15058
97163
1988
61445
70746
1763
69325
43208
93658
43663
49909
89915
62607
4342
75785
85934
26222
77819
75201
1427
19836
98408
45457
20114
56450
17246
47110
18363
45316
87978
40449
2442
30931
62690
13249
9546
41418
1088
50741
4864
61905
68090
77101
85348
75752
33898
67948
35581
84786
26245
74489
25115
1237
47909
73278
58355
3219
42029
15467
3260
19436
98939
13736
21073
32247
56274
81175
96594
12279
86540
56396
34983
8523
26448
24510
91852
88143
32265
14403
88986
89199
22176
16047
85715
78768
31292
90331
94399
87058
13248
7083
2407
99496
45130
50815
34039
34382
29604
68702
7459
53843
45448
15395
84723
39021
38868
87133
43250
734
40157
46647
45703
16130
66207
61014
8746
68449
35893
98258
33634
91577
50004
27683
10181
88888
1365
25128
22441
54239
49371
68376
94170
13762
65018
17380
79428
17375
82233
68352
68474
93350
82806
28059
66259
13245
87329
66380
98884
29804
45353
95469
61099
99168
22813
58850
22597
94280
89557
23361
30159
63146
92449
93218
28002
84702
64780
59071
14235
27575
69819
88298
46653
74252
75248
14286
30261
57269
92221
89701
70890
74666
83695
72154
11189
53703
60161
51772
23489
97495
50462
82318
54678
65300
56013
20282
15638
30334
82875
6227
68291
13072
77749
55999
72270
63224
92747
91999
8183
83547
77847
37180
53062
601
69753
48904
11508
49044
26396
89736
17326
36668
65317
47851
32021
38474
20039
71906
18383
83612
46743
53534
50640
35652
45006
42412
93904
3692
48396
97675
124
94739
149
51641
52448
78304
70981
70020
84940
81434
24413
21409
34743
48480
85164
68888
39804
27521
71059
31424
24714
36758
7697
3945
1912
19883
19531
27626
66359
13852
76116
48687
34647
61784
54591
76061
47833
95022
61290
33657
73258
6464
14641
97334
32140
39788
69183
79123
965
11702
68287
79781
23819
46682
24921
19287
74678
44490
69726
22741
84756
10325
46799
37016
59003
76789
19555
52584
698
90001
11888
66020
23835
30835
38147
7431
20612
63198
46935
4108
1674
65307
51001
47910
10908
3462
48418
49284
98541
14417
10898
45623
39243
94734
86123
32902
74353
31115
68808
91593
68945
16908
23788
9481
35212
67547
25600
22765
15759
73116
98465
17918
65522
82235
36262
19682
16995
23963
76928
50148
62594
27321
49326
35842
73688
45231
68108
11189
4739
27360
94418
18584
54771
20341
12599
72121
70505
89378
40614
87460
24508
24038
43488
51367
59365
95128
1563
50013
73286
74619
15166
23398
6628
90406
37413
59232
50894
7611
77873
21387
54539
24861
43381
80670
38352
53482
15914
64511
5989
450
8361
24960
32753
59621
32444
3341
65978
15169
84229
17702
1761
71450
72241
6851
7796
75701
79024
74162
93815
19565
87005
21199
96393
39191
51241
94589
18066
68974
55191
4825
92663
10622
45753
97354
21234
20052
34112
8800
45263
29076
94898
24862
98320
45349
80944
64240
93291
2248
40257
85557
41987
77080
22988
74846
66252
36073
99215
86652
9981
3321
82137
35857
41026
17260
83092
81781
94738
20833
7436
13923
77729
65123
8601
20747
45473
12569
98148
36887
69591
98353
95067
44592
74960
16264
52659
98589
81007
77498
3171
88630
12693
33648
61494
54970
50858
38700
14575
5554
8914
54950
57138
57150
26829
50802
64879
20806
15023
42303
79661
40925
12412
64100
52507
59379
93696
69877
79415
92327
18596
39680
86081
84884
73337
50475
19090
25090
18624
78850
64825
73925
32072
61614
24934
67298
75685
60095
75235
75585
46958
4086
24227
14569
64592
61280
76686
73359
41079
63602
61109
89680
7163
23876
27839
61215
28530
11289
39007
64039
16151
53049
40178
4424
54622
93357
6998
554
7055
64796
87714
34330
37241
58383
46029
74403
66758
32532
73576
42066
43605
58838
99735
49065
81287
46978
33547
37683
59398
73378
30010
19855
59110
59481
5257
39950
41825
34571
5275
4293
81889
59805
35369
49733
80147
97096
90098
50944
30834
68263
2657
4548
98713
1915
61401
21596
99213
78358
36407
13878
26790
59855
94919
60599
76238
41905
60667
56953
12090
86065
24987
43377
95372
57028
74756
43501
24952
56564
60618
91933
65598
80864
23559
37302
78839
13058
70008
87260
43153
32249
88899
20092
68003
48848
91835
93180
76082
78244
11916
6642
48300
91595
35982
67849
68198
82583
30869
11864
46727
81653
21841
31868
93899
68945
41793
50097
97147
67035
75892
48756
58197
87703
26386
93777
28244
71048
52184
58045
94385
90394
24940
25440
73504
56795
16588
87714
83402
4789
54854
81265
38555
3618
96856
87673
88689
19787
84696
24098
53174
92906
79135
59622
79141
27551
71660
19135
24448
93702
20477
55857
36
47744
13113
11714
75343
42281
51845
85138
18693
89413
31970
94549
88649
80265
9323
13504
45753
47938
35152
68546
43828
28713
60092
26711
47062
10401
86889
37999
30058
99216
68215
89523
20659
73445
98380
21103
6028
3748
45876
96815
56523
70593
1817
46351
79348
72962
51244
6307
84958
72912
34086
13266
68917
83520
14132
83941
99450
22214
64673
91121
87488
8501
16867
81831
33079
13407
15830
38698
43882
42029
85416
71232
15922
60279
97102
68040
35263
2978
22376
56559
66829
79860
17644
18776
52086
18158
4905
60230
38022
72119
62203
72752
73725
3669
85342
55005
5136
57526
18033
97100
72202
37481
45582
76770
19927
81979
95612
9235
6553
62645
42454
67337
10696
21088
59428
55795
70726
35745
13114
39790
21249
64785
74245
50195
86391
18252
62799
63074
98299
73069
96185
91710
50723
77655
6311
10214
23432
81564
70568
70153
22402
30978
10111
6062
50635
9981
89663
89194
10054
50754
9693
14630
48631
81432
26365
62941
92065
30755
39804
35884
74241
86077
51271
4169
56250
17659
52467
47011
530
73082
92879
6297
298
36339
46432
30563
79181
48703
66607
99202
30486
63157
46164
90712
29367
77992
86284
92908
84344
68849
27204
41010
99950
44957
20482
60117
3876
17407
9952
11169
68344
46501
72535
85079
91335
75125
96767
9214
89277
93143
80977
78589
64415
90038
3060
51679
1214
47908
14777
41015
71588
32335
30837
58640
67029
38220
51519
61883
11397
2407
92716
40751
6863
43688
63041
49077
97839
89352
32157
23760
46039
50110
77035
25459
17920
75786
11836
74388
92741
12403
88188
73920
25859
92955
9506
51779
60198
99033
30464
53926
3629
31575
31131
15584
94374
78823
31782
96986
93887
19255
38841
60201
7985
24471
33723
39621
1886
10929
29032
57842
52377
19119
241
42618
64076
46066
50079
82810
65193
14379
33712
28124
77247
48360
92898
2236
68802
34811
41288
54465
38265
68194
85513
6338
69223
52215
42549
50464
89516
71818
55205
25144
29494
59033
22892
23924
18495
71943
93426
67840
1977
4634
16524
27689
78901
30669
43002
96835
49362
57040
17133
64513
79216
51704
96254
63839
13221
5259
2442
27917
86562
95877
48116
33332
70181
50357
103
83194
46113
49016
86727
3262
78677
99824
70621
37771
61976
43626
72993
3251
84208
78039
67316
6515
80219
67095
71076
46474
75853
32530
43046
9148
33362
18602
37596
56703
69099
90987
13525
77917
91635
64553
23194
84650
28116
25896
33770
959
71513
33897
83151
72848
45406
83648
25799
65650
15372
579
89330
39937
16918
30569
81855
79158
43092
4543
40845
55779
79714
64790
75217
801
10701
77949
80697
56317
78478
80419
79093
88625
94314
2817
52201
49073
83648
39675
44633
66763
70171
6952
26997
12310
56650
76970
84062
98523
41477
43061
23872
60281
53051
73166
94053
60778
74600
19127
46959
68391
34742
13665
86862
61766
71348
86651
68781
90271
71349
9092
52280
94714
12361
48348
37338
71247
92896
9666
4422
29987
24205
76709
78886
99708
5134
44431
49182
6889
96449
242
76018
96266
46557
1718
23383
13811
62337
64115
38746
39327
17000
37888
72296
61881
74758
87777
4383
76139
69749
70411
62601
36172
89021
74353
42071
54839
72464
72724
39693
26439
74306
83837
57787
69999
13986
63347
5472
23665
80556
53789
59902
42971
4625
43039
9740
62124
53722
28790
43387
2830
14930
16892
21356
50521
22917
82528
86487
85407
1553
44979
18889
88727
74129
37612
41747
81464
81711
17662
69025
54979
64624
42057
77042
61626
78707
66533
68780
49167
14138
36513
81833
80624
34664
32700
16596
8973
49103
22783
16980
6958
12569
48929
83565
54219
97758
56956
83290
18663
341
34873
88146
64193
77287
24954
78530
44363
13193
13749
69022
59962
92373
71774
61289
61065
3752
3737
48895
58649
1346
62737
19218
10349
47038
19408
6383
98499
54061
2003
31963
83203
6694
58955
49001
18182
16942
1276
20595
85429
29560
51505
75272
81256
59631
98564
77325
11110
59486
42660
99520
85393
75244
30478
41068
30607
48379
91202
49672
71657
53866
23814
37064
97599
4417
11248
49036
84055
56645
21786
38633
53580
45907
66397
33452
97544
76589
49173
9882
65162
13222
82032
60928
23734
22175
61277
90034
70263
59266
14693
77318
60341
3448
55962
46203
51523
85737
12518
2941
10867
89431
56807
65496
1827
26345
94644
38885
4002
71077
28837
79723
58121
18550
66896
27059
9401
36404
30233
75106
46580
62117
59756
52301
43002
39238
34615
84957
93928
61625
90591
73933
36251
26597
60952
84136
27611
40768
20110
83273
44864
37512
58379
9798
90401
58976
65004
82296
21261
61534
75769
91932
90633
39819
83326
61074
32667
31151
11165
1995
56807
37044
46783
69513
20314
32590
51353
11055
1434
37938
98260
68186
25763
82309
6983
514
39274
46296
49246
62358
46497
92143
95281
9679
85047
66253
92309
72962
2542
11983
45064
22000
50529
95356
74065
1258
48422
86108
91365
45810
52507
55360
31946
73515
76761
8620
10421
53320
7088
6082
88324
65209
65123
46819
78517
72463
70610
86948
40149
26807
62323
25349
4469
88624
60401
90744
84503
9150
9790
6441
94868
36905
31950
70295
51244
3009
7430
39399
21232
35430
91194
31260
67973
84688
54118
51464
45079
11099
9078
90475
62917
88494
66094
39325
12889
23312
70148
15464
62643
94994
5141
40817
23949
67845
92444
15619
86631
80845
99959
67737
18411
70138
62348
10784
59751
47957
42279
67418
75230
55059
40095
29109
87839
29730
24674
65801
13892
16234
81602
37135
32688
76984
22181
51916
74512
22105
34916
10952
27121
94163
69803
27550
16045
46790
39089
64192
62052
97049
82885
26297
41088
91678
95075
13142
55257
19021
12379
11013
50452
6981
44073
39161
56332
82856
37917
12193
15861
57904
32728
13501
7499
6526
45966
21331
46874
38954
1711
39696
44549
29316
3794
98111
62789
19968
39344
66568
88287
82955
12704
69570
82404
59770
1258
8906
25689
3387
83414
14894
43675
6617
46579
16314
76118
93210
16587
78804
62119
77564
22623
19394
3331
20118
43833
75055
37690
49482
6165
24777
30926
87198
87320
43663
54114
1624
32939
61703
61003
32458
87813
97137
9860
2032
3597
78922
52945
2228
9662
37689
62838
21393
38172
97065
77056
22082
79574
54984
84022
51121
29592
95477
4035
50689
95611
38788
7356
59802
61940
11234
64121
19079
15348
9385
51783
65032
3798
80089
66436
55861
33799
3344
93659
24930
53897
72645
98618
32306
94135
76620
34157
94709
9961
15399
4991
22260
37812
17518
69254
69419
91691
18815
7655
65952
51920
65230
64402
41269
99518
52010
40313
92688
47225
15752
59105
29933
79752
30130
64371
71860
57977
80946
73627
67293
98057
45085
86229
58288
54550
78601
50895
99771
77005
354
90276
77766
34471
52265
53283
85786
40226
26632
68102
2941
41846
4639
9745
82855
95252
98544
29359
16155
87303
62736
10179
42935
7596
34405
33778
26287
94039
39733
14781
23085
23636
98164
23415
78027
60194
16775
17037
86082
44897
45210
28330
67327
47809
11617
19378
65577
2881
86394
4931
71128
13018
23282
59040
34595
69801
24363
71515
94705
89433
24120
38356
114
56564
59223
65650
50539
31869
60715
42030
4181
41155
18015
70300
71254
36156
38303
51086
57616
77000
44332
95682
80067
30668
88781
55424
46659
55840
53772
29460
67173
82966
47298
19167
82020
4987
13848
16326
9386
85999
86582
92891
37172
82769
67987
37394
27748
19886
58858
16172
49727
63954
91650
81054
75789
17223
41017
8995
11074
30306
2081
41609
87590
74686
59092
77700
32456
5671
69626
35438
69124
12292
24075
57322
55465
74516
42391
92012
76241
74044
13249
3300
27534
53350
88572
50058
46333
34673
68716
50121
89101
77402
34652
31398
80168
91750
98490
14911
43699
78441
43245
89234
93186
43571
52858
32262
11699
9799
19562
55292
22446
40301
17793
54355
77371
26233
74431
42377
43555
37739
94934
57711
65757
3267
53704
1684
97840
59011
73449
30030
40131
44939
66858
49393
85968
40592
5305
84460
91191
73947
28264
99578
86860
79831
6143
33886
66799
84360
43052
21177
15653
11002
61811
48564
75159
19242
23644
54999
53613
61562
88649
68960
13706
74990
38909
93047
11356
84251
27769
48777
25272
15829
6867
22574
18344
67363
99384
90802
11614
68697
9050
87693
84503
48446
94935
69672
28579
34204
22943
66716
70528
65700
41314
34541
29656
22019
1217
59329
12236
30771
10207
9347
87332
60269
38919
56999
65035
73407
66000
98753
8742
82817
16972
44286
85651
75906
22953
57930
47745
15910
40404
49734
9337
66680
28775
212
3577
74555
76959
57119
70560
89636
26503
44938
30611
23535
64468
85209
22544
620
91341
57545
22611
76213
19708
77540
18031
38667
54035
44761
30313
36979
82358
57650
61604
1808
74046
73632
79837
58377
21429
45852
83623
31344
84505
26508
9973
56863
20312
95837
64756
48955
91922
38295
31974
93560
96556
84054
16526
11038
27712
32248
44210
15982
77690
5778
78985
97112
89757
89200
61671
43612
23511
3918
64816
8195
53478
64232
15281
11772
11569
33715
27498
38729
57545
92580
89832
81839
28544
11302
75238
27523
76670
43912
19998
25336
59376
52493
45483
57929
78654
98318
11671
32069
45276
47819
97169
48486
18815
57393
19259
9481
91032
80857
52153
0
52731
83569
79710
13220
43747
7503
11562
88525
60770
19895
84878
49881
26653
84259
38732
79192
74876
5751
18673
68880
22516
21953
83821
76909
31952
778
9672
44663
98667
52802
69730
47425
37830
94721
2292
61122
58188
91496
44715
30918
10909
88144
1981
22347
79531
64703
32057
79518
94059
35562
62487
52711
92637
82239
52863
30641
12925
82060
39108
26398
54145
74562
65250
81968
33471
5372
68074
32124
12177
71592
94
99898
59003
59390
85675
13829
48916
99608
53782
20754
68613
30264
4421
70702
52672
25352
27856
70141
88976
63085
22666
27612
59373
90475
22564
35871
66380
48641
84280
93612
36455
97668
59915
55800
32788
30539
98562
89384
61243
78853
67363
39205
89855
17204
65661
85956
40052
24615
57581
56677
11042
44201
33065
99954
32139
76655
31691
3400
11036
68798
50094
73730
28641
58108
93121
60429
80738
73064
74793
89371
3409
67194
46737
62514
8541
63450
36566
92538
62578
76874
48345
53550
23449
65520
84974
76836
90910
28038
38862
3665
36342
15322
8357
7023
1996
28375
11321
63936
77575
78
49582
86462
68970
78603
55304
66678
40416
65949
24932
43905
24673
66796
86389
42308
98439
31046
15705
73412
97162
7810
92232
90959
44866
57512
45381
30085
59398
79973
81502
57221
81416
78624
50287
85302
79065
83263
34745
92906
42522
41467
40417
12455
71217
92304
54192
63749
83897
63550
33264
51311
97243
75151
82091
4058
52589
46395
51728
41229
71353
5288
8828
3572
43752
5385
65173
99851
82588
91953
66084
20939
79337
26581
78943
58774
86045
89433
1914
98272
3488
14485
98560
31017
34430
90888
55137
29081
23795
7482
97706
73931
66053
86573
93002
96783
63219
42370
90531
24548
46788
46153
50546
54956
37912
21581
43357
95621
22454
68753
58462
39082
12876
91200
93570
5305
69621
92185
90539
81050
51292
95339
27813
59853
36973
70166
33399
41576
71046
57138
14374
5173
95550
2380
39943
77310
82101
87162
89126
65775
10907
32694
78135
92639
88630
94032
98258
41923
6797
41998
26631
14427
41030
45921
19410
4103
4852
18633
3512
53803
15843
16153
8450
63796
72240
58145
19412
91160
76902
60858
18386
89233
47784
36405
94533
13499
10398
37167
17691
40081
14143
94008
88244
58744
68703
23059
32397
79799
58259
66489
78598
99295
43723
39449
30617
35799
53792
83285
69972
10856
42196
47447
72083
24662
62308
18224
1597
98344
54086
72203
2938
69941
19300
61059
58918
37222
33587
18463
55692
11657
90744
44141
26139
9955
61564
97886
5784
57099
55927
57734
61162
68208
28421
97358
98478
69132
12894
66411
8995
12233
5087
47758
67254
83096
53827
98415
61868
94049
19853
53959
82801
13854
3617
5120
98607
44188
59711
52194
61772
19615
63749
31302
68815
17778
82566
95079
58986
80762
82080
75572
56754
95990
32672
51357
97928
68300
35294
88015
58296
41053
16222
87072
31371
48574
40511
6079
33664
92296
98606
72287
10693
17113
70782
69033
16551
78337
58291
87300
66232
91273
79881
9792
94276
50151
75179
81615
79922
58814
39996
35257
76839
1070
79674
1895
68699
4374
64380
16817
46632
92223
20228
35956
94376
80865
76944
52768
52137
24610
58637
23792
18956
71363
80817
66598
57837
40819
23820
26617
41129
77688
81196
74748
87691
29542
50790
90959
22457
11213
20055
76371
55510
20545
18407
61493
19556
86304
99624
11297
35314
36079
12644
4087
12170
56381
98116
72086
25964
76543
14354
73579
74789
84897
75414
3909
99952
68654
51253
55396
42517
26728
30653
45884
48159
30843
6321
72547
19927
93966
74349
19383
92202
11967
48045
1354
2508
802
10043
78369
26860
56064
70724
7305
70183
19609
54200
98275
15145
74084
59342
37986
75877
92392
26011
71922
7606
82969
64846
77677
8759
73718
93108
6568
3354
38130
56092
49568
1934
88905
74512
14935
48959
18361
62321
79787
37916
58013
83408
8644
22010
92775
49555
94718
24773
29616
72189
67552
92256
32927
97350
243
34085
43918
69425
25750
67283
46260
22889
70502
3019
26016
83915
45017
74842
5787
39117
45060
84344
54635
72554
38640
89489
63961
58984
63327
68772
7716
41748
96277
97527
86922
88961
97469
35739
12955
11177
1518
80109
73476
29375
24563
11323
12694
57455
93349
50840
81240
35202
99580
47343
43221
69094
6635
14354
17665
72917
94402
19509
66853
19040
45682
22082
86860
24070
1588
22419
81299
97436
8059
10302
78842
25997
66942
70401
73332
80928
2393
34413
677
351
34048
62492
34223
43491
1645
83314
11613
58195
30165
95203
73797
5259
57017
7216
10459
48866
18931
47896
10130
73708
59038
92203
56752
48417
96021
46875
20906
97216
73802
96620
66869
14031
33251
74745
72105
96656
69147
16456
99791
9338
11951
83377
9346
80655
26763
11312
30642
22021
1795
5516
47142
758
603
62641
3459
38923
73421
32287
3443
24473
96165
28380
85167
97623
83986
51777
3997
55426
88516
81244
89216
82462
45482
11293
60605
33207
69825
62253
58312
36897
47204
11995
52844
41646
69781
82498
78166
18442
9601
27389
53284
21115
40307
59281
65838
33099
52125
15298
10509
82488
87981
30992
51761
80259
26878
70590
37639
90893
70852
72683
76847
26595
58057
74000
64
95813
76567
13276
31744
72832
41133
23624
5389
7169
40811
44169
14807
69810
67714
44537
21263
84718
47997
13243
47620
33146
42725
28259
27706
79352
23723
56164
1713
83654
63400
16600
15341
91941
54828
59668
2877
20876
57132
2279
17279
47090
6189
98671
62939
41024
58700
67230
64769
94830
31197
12007
84029
16070
96705
97992
75153
11442
27439
40624
67618
13924
82547
92148
61968
23908
89228
46584
19388
58105
99609
88153
77184
51530
93543
88694
83521
13990
52852
92785
99404
57322
59865
84929
66923
46695
58907
17964
24556
50673
97786
2125
21098
39659
50533
27178
23201
41224
80811
42184
73348
37779
34670
11493
20319
32008
75476
32810
32733
14310
42748
77893
42881
68374
24314
91695
31773
88080
37322
99188
62526
21494
6376
97399
7221
62007
44793
55723
32529
12379
39838
99860
94682
77369
98810
6459
30799
68148
93807
48458
76144
57691
51092
7517
46213
50980
35469
9283
44223
86741
21375
5695
98537
43610
22208
43577
73506
53949
56186
43381
71654
7378
44672
63707
12762
20938
90056
74242
4707
90659
40439
6252
28127
68919
30753
95057
262
27117
70408
91538
85265
5299
17270
4548
22360
69654
17670
22036
74597
70028
22306
5428
30021
77577
64745
5493
9906
16449
58350
48830
31289
74244
49953
42362
51750
90265
14513
89467
83567
28309
34611
64777
47149
20661
89805
39205
11992
11495
16958
46959
41549
96162
77141
203
72963
2601
59962
45649
5157
66636
29698
66880
6646
36420
73590
25944
24121
30837
82946
76352
25631
78461
37689
28304
43698
9279
82686
8090
96655
27536
93693
18338
46476
83442
61736
22759
53846
91635
81301
29311
22546
83487
85304
75596
2051
97284
98493
52674
90274
2296
82757
64555
89952
78293
29883
18522
43982
26513
8969
64054
57735
3368
22615
97691
28059
99259
10613
30255
40157
63105
56542
5511
73803
81726
15505
21737
71654
36076
27723
69452
40121
71846
62070
81412
85775
67940
70064
78811
49743
15151
17165
48948
17276
48029
3481
24043
70784
44637
54816
69084
64503
20632
81216
95447
20682
94453
59372
52280
60563
46781
27878
94924
98815
54439
75786
28586
67834
24654
77106
39250
20280
99629
14694
33416
23388
53148
90727
35823
53666
28139
52450
80006
92804
68223
52490
61827
40401
21310
93186
52903
7869
62459
44161
51200
80134
60341
419
13960
40121
1250
70589
56415
27477
92286
7369
70323
77005
19745
46296
89260
57468
24167
86357
87801
88277
94308
71525
22632
91266
71490
32835
93265
83964
27741
9991
48603
62360
64263
87401
44468
31782
15180
78414
5691
49051
50546
4398
36970
10159
80813
73777
8546
23866
13907
43592
33274
77475
17464
41931
94179
83940
13506
77504
23945
96710
52614
94988
30592
62934
26454
98334
62041
19249
24765
90140
22488
15622
110
38230
10517
41984
82379
98899
27815
40194
52809
45466
18538
27717
35436
44214
30603
16505
42878
68354
50016
75153
99916
11593
28877
19763
37133
46763
12325
68815
83323
56638
6300
93966
3982
5507
795
40706
13142
55187
82039
11197
1454
22389
97614
69870
84986
52103
33376
70692
59493
84246
13093
49752
245
83347
80779
12476
9713
89687
99484
21517
94425
98906
46697
72880
54177
90941
27730
88854
10050
83268
67520
54398
96086
76066
63805
89914
14770
74508
47335
77921
5042
11125
69606
82767
40931
7720
49517
60469
51815
3580
58345
76475
98686
11724
55454
71997
92612
35393
7077
45486
48908
72867
39776
6594
16322
85210
28044
94763
49171
59636
83217
88646
16617
54795
23165
71913
14608
87160
4856
44823
17243
64611
74090
58005
63181
27837
81637
2466
19130
9688
61706
26270
20761
87639
89645
69541
53893
66855
892
34090
6767
35611
85598
9822
91050
43316
57687
51704
17556
86575
19306
4217
66792
94498
11281
38458
92176
66397
85112
9622
95867
77867
31247
65918
29461
75868
92272
49326
73702
44605
61697
95320
75272
72181
27738
3785
69729
72256
70631
20100
63790
86607
37879
24668
70170
92398
50817
84162
65666
17409
87240
66711
21036
10561
35881
62702
93427
88170
73579
21629
69376
51206
15376
75223
60295
52458
8826
34997
27771
42608
60752
71848
39729
73441
83471
67914
35925
13586
48313
21294
9143
53011
12033
22971
58324
4726
87753
56770
72819
13070
18052
9808
30263
19101
59270
29066
41384
51104
31747
37166
11999
49410
22873
62629
20748
72054
63675
95076
52046
16244
14477
46997
72759
48332
83483
72935
72455
36796
98359
19960
16699
65320
58949
83321
86702
85589
75770
49085
99865
2633
23738
1298
42417
35508
96957
34601
34571
92078
87755
31672
66734
67336
35815
69671
68186
69288
61610
55457
35601
32414
70787
87432
46186
95603
97079
83381
31637
61157
85798
99674
49404
25103
77682
16426
65687
50535
88999
31190
77100
42000
60418
66596
81220
90368
91058
42038
19144
74714
73003
54506
68966
54314
55668
61356
95199
8738
37892
5315
29155
84424
25238
19224
89131
60901
48298
83533
17880
76636
4699
48226
78518
59777
61775
41107
74237
83527
7075
87105
64703
29609
98324
83885
39211
83755
26356
99121
6305
1181
34146
31966
86650
41718
44093
76666
63538
68564
21497
93453
92009
15745
15331
12383
83716
37647
9683
91258
5007
35784
45810
74161
8329
67586
95979
90423
89712
93550
82901
61674
3398
34759
31452
98137
22009
56859
67593
65122
39579
46202
33259
8235
54771
27690
97520
90258
64543
16251
52051
56149
56713
18398
54582
82095
26313
2124
72357
41750
3194
41939
31899
85124
37214
90993
18156
32244
89097
31674
32458
1447
85311
7270
77801
81793
29762
99643
46540
47279
4862
73055
94041
25244
20544
14617
82043
84388
45512
56264
17391
12715
67284
93421
77322
40734
67657
89848
5607
42876
15418
36805
68111
41312
20675
26017
22608
52285
24156
87662
69713
35626
67644
18444
70611
13275
91311
62923
91911
57895
69393
83102
38806
64452
69050
85628
43669
23212
97537
67141
40901
31698
20022
53104
5642
33934
66207
92216
83464
95737
44991
25615
83270
89000
76961
73871
5525
7931
20473
54522
56508
10865
79335
8927
34907
6560
75488
29043
51633
78703
94406
91615
82735
87243
8106
45823
83868
97908
94747
78414
9126
97627
5165
57562
65504
42093
59320
89918
39949
52265
65628
621
91088
37640
63857
4947
81039
60906
91994
28341
22525
2190
86980
51296
62503
37347
53984
33985
71613
73646
4791
94605
3069
80646
29444
70040
94134
19739
6351
56730
89679
28580
13360
54239
49370
69152
97490
38683
97540
40890
59636
49591
76456
32480
19506
38814
76433
30173
14802
5328
16830
31930
29181
54539
31911
72964
71761
46364
83700
2558
28665
21691
57650
89889
4470
62300
9850
68611
26275
78495
74125
99078
50057
13463
93714
75684
10087
40529
27008
29081
44512
84629
46070
70255
36563
25394
14522
77166
83902
67670
2111
36912
21262
41938
2164
46755
95369
42728
71489
74629
9725
72518
92735
24486
49917
10331
97350
26896
19987
45771
14989
58667
24595
82084
25773
66102
78742
56365
99887
96529
32428
38897
71081
58808
91318
4005
7651
89458
71566
6852
12442
11716
62132
88611
9507
31194
91072
71098
75875
3321
38084
76676
58477
48918
68032
52591
32045
10900
98322
86445
72767
50703
63334
83301
30193
67255
27469
49068
46639
92242
79233
10584
61923
76226
66911
55903
52101
74542
62349
62231
54194
11009
47331
14178
54956
53459
68776
76321
49924
89660
93250
45105
67071
90791
68299
70635
28109
71292
9095
45204
65392
43105
88591
64606
20768
86004
35545
54118
25643
75648
5234
44133
11033
36896
61032
7168
7565
99073
30344
26790
13397
76744
40696
45711
70733
87893
20934
67350
91014
30859
5875
35540
97782
85097
83408
63349
3760
1289
78860
17958
36254
38750
48775
720
94626
18261
56798
66066
1728
77420
74111
45624
89258
87499
94233
44112
63446
8255
45314
54625
62905
87160
68864
53391
76818
24611
25240
23547
25281
3883
55521
57127
11648
83692
28384
37579
53956
12734
61215
59769
64932
60109
83244
63158
59790
25656
13875
7522
16083
723
19010
48332
5624
7718
28025
53288
91799
75209
50355
56058
70518
89251
45340
52111
35074
1108
71711
79389
12648
60690
69903
14975
82912
8251
16681
84284
90080
68093
57333
48463
24658
54197
48864
27794
50622
82202
73304
35146
51201
69663
98300
13056
56257
3036
19311
54784
70361
5454
82893
60891
4731
22793
85942
23907
87931
42608
90650
52022
97414
46002
86654
60820
35798
91822
34919
88111
58138
20848
45454
20717
28639
6827
17352
5037
84774
88414
14847
15150
5974
16561
60458
96459
3077
41806
69328
72049
11793
83402
61191
56949
40313
63972
92086
33386
71602
6556
13075
16171
51375
10952
49458
55752
97815
69543
44779
92495
2396
67504
322
24168
14707
73679
83434
78943
94064
19931
82825
71400
44490
43735
22448
4066
20384
5470
62594
26724
27729
51926
71189
30873
6141
60476
75180
71187
30165
93919
26099
30410
61455
66195
48678
75708
14115
30754
66528
47051
85501
15499
79134
4586
11793
43948
10141
21509
58062
68518
55118
41045
83890
74770
93600
71374
53752
31396
95431
21282
85115
25325
3735
54408
8938
74602
81387
17352
73225
63945
30239
78167
34625
71488
96759
12408
95506
73995
45116
89415
44142
41990
97234
78421
73443
40774
16272
19665
53174
13116
78952
94135
28534
39149
17157
62554
79431
28310
50033
84503
86465
34547
92491
16201
25056
542
55831
59856
57715
54452
85551
69239
18129
96608
54855
72795
44837
12345
84122
21030
242
9216
96740
86346
76452
21680
25225
90023
97813
10458
26685
23465
59522
20440
30671
69136
79405
75279
31387
92061
52982
42609
22573
85562
90010
79671
66362
450
23534
1782
19887
60244
27225
71397
35239
37927
24986
14254
65270
52557
11827
39246
20343
15955
93919
14383
110
92418
41183
99963
25672
23588
43975
77197
16245
32223
26744
95014
17170
31876
61777
61596
94585
2086
70484
71528
7178
84977
14323
58043
19255
32049
92049
70239
51560
34116
11631
83208
20803
55289
48747
4420
75056
55311
25308
14090
61960
94868
35410
37994
57583
68684
14687
49221
17788
7066
56513
53832
56319
33314
85980
30289
15541
91974
26948
44305
41168
54319
56344
27722
65057
77740
18670
74662
13755
65724
94921
51759
69917
31251
66497
65655
30445
7123
70572
27704
5536
47072
27962
92466
27106
81442
87631
5472
42640
76163
27358
78475
78201
25158
8569
61236
98145
75605
10565
31297
21605
38639
30006
13921
18191
9454
25282
39232
69316
41771
86944
76346
59311
22406
72651
10047
14324
57732
65861
71126
35508
69661
76692
14730
95152
69699
46838
94312
44914
77510
75701
8044
94151
80098
18256
10442
93030
6507
85221
76213
71714
68592
72515
20113
19149
17771
61532
30419
1108
25562
1790
60960
27154
21381
81501
23628
38160
47721
60969
91939
91930
42775
51824
76821
10145
31226
95188
78225
56798
50263
24969
91883
1872
39800
96270
82531
98485
97845
16376
70780
22292
84312
63639
87174
47736
78114
64807
40883
58816
15691
41161
58772
50930
51682
55480
93999
54584
92682
77063
21882
89415
81599
9877
60171
88915
35418
74798
51900
36393
15523
56220
94348
77428
23057
47131
59513
47439
31385
659
95697
25404
77532
9158
8569
1870
79486
56010
13918
98466
47217
60205
50817
18443
11598
14273
38567
91318
78323
7058
97749
74956
84320
88642
47852
98145
27731
46854
32038
91586
93105
96318
52974
17855
35222
17055
94516
60546
36070
39343
40700
9956
41496
90878
43956
91264
87455
27255
98479
45739
38816
61779
44100
32357
21867
17536
50177
57467
9719
15413
43314
83004
15276
46870
76669
67007
82805
27806
73424
33768
27979
26593
50845
60853
26253
94630
77365
4922
63112
87865
11413
59168
53396
56287
3654
99402
69212
83390
78962
84757
49325
26257
82220
67654
58339
67965
20279
11485
5150
45166
48588
21998
97438
88223
80966
89192
56049
31659
51946
76149
91887
96909
51088
45526
64662
6786
356
47839
36828
2470
68927
94975
94169
25036
76824
25174
9216
24774
60213
38925
40377
74121
3173
44166
9840
44127
58181
32902
84472
13987
78109
15594
39391
70932
80708
76985
88838
51699
89588
56223
43378
45030
9475
35430
88051
68038
8381
34843
70485
63779
69766
90810
85835
3283
62803
44206
53530
71575
6033
25050
23639
9146
14016
33223
4736
17171
82632
92422
49360
84559
71138
6457
47038
12895
45925
50571
92851
90927
75675
11935
92878
75007
9838
89389
3936
70106
59542
69718
69342
60959
38220
29143
60777
26735
26171
61177
13348
73959
83906
66926
24381
80415
79065
63683
78045
69282
62554
24427
92576
68519
84270
58365
2223
5582
16375
74424
66151
36957
80268
65086
69350
610
80839
71102
70174
85228
84058
75682
12779
96099
44520
8914
21920
76397
95457
43436
18876
24465
8066
37638
88211
5147
51854
7843
92753
92047
68788
57390
49814
11782
88686
6452
94106
65925
52756
33285
40533
79723
52014
99633
9900
89883
69280
26214
48181
11911
37431
39456
22790
49166
90923
5222
46
52872
4713
36454
73318
40660
21229
18988
32400
2344
32917
42602
7520
69267
77712
53512
96539
20877
54253
42012
10807
19239
54579
37788
4987
28436
7772
93814
72285
67437
43983
38931
67320
29489
53076
73238
18486
60344
96139
91654
48226
85988
23823
95093
64556
70691
20780
22502
62500
29975
5242
87244
24579
13186
5595
57101
24929
15978
66576
622
90135
78236
9966
83900
73040
7404
96496
70674
71382
15791
57764
76836
85019
1832
22182
31403
26082
58974
85682
50755
37204
74179
12982
83139
23349
90711
94316
64266
54018
40135
43427
61738
74157
97096
12230
58189
96500
95075
70913
56491
84311
62487
1128
8048
81643
53473
50511
74452
64796
96856
57295
91941
34957
79209
34497
67524
32483
68109
77327
7142
59640
26649
9448
60026
15509
77629
90259
57697
48839
72482
1785
58241
9189
59201
52411
77959
4505
38769
54043
50539
30249
81729
73336
26555
76035
78361
42266
20939
49974
66545
84781
77671
42888
37634
64528
79828
40263
83454
78724
62916
30984
77952
15256
43042
56757
91729
39704
1282
34894
2368
45663
36318
41597
99157
41815
79350
82824
56540
17539
98311
41584
36089
80118
57979
61577
65899
8279
92352
16888
55264
29260
97422
26766
77828
45973
65312
9815
52718
49425
94788
51130
3568
61275
57200
33119
5527
42940
79240
40124
91868
41566
27434
9923
73069
2352
92775
60544
97202
30243
2982
67856
78264
655
1108
88512
81032
76011
31710
63083
34491
51402
76440
2421
8544
98619
87648
87485
38148
1808
25202
7717
8616
51089
36745
36547
14009
36987
40446
27749
85855
7619
85198
76692
71848
22292
91069
24018
94820
342
32087
41786
69390
36991
26487
37470
88679
26304
80756
27582
13650
63699
38093
17827
13235
81250
73132
89678
48924
76389
41592
96078
39842
42474
38452
16320
41312
75295
76165
80427
90749
34587
19647
75990
2766
82146
15356
19641
47035
30570
52608
94099
43210
62882
81806
77624
99392
96022
30439
40381
70154
87991
94360
70963
99107
80955
60077
11399
61124
57457
92697
34505
76684
94406
60035
96225
36482
19309
22211
55453
77492
97627
21000
39541
14354
96165
13261
47392
98293
33875
63121
73258
24276
45782
34486
40520
80464
63112
97444
74425
22034
47046
55799
72470
15400
36976
98009
65661
61920
18591
71756
824
87623
57599
64162
19914
79240
39313
18450
97007
84381
22288
85718
2387
11730
49979
12088
56729
55996
70208
27793
63864
12110
36779
88866
65787
75747
68084
46813
64881
33779
66910
64042
66756
72671
42121
59804
23995
46107
31821
43427
36780
56173
82331
29501
69642
41633
45013
89647
22673
60036
71343
5629
28392
16366
12253
89013
41893
79953
83376
57643
1453
47145
41063
63583
62099
48735
15812
86456
75976
46211
93846
424
27403
21151
83356
53641
19061
79900
68025
65505
65895
50811
25270
22675
17270
61587
87404
93477
30246
70567
190
47939
76453
45082
59362
90445
94951
54853
40197
40182
69832
50605
9141
2409
7806
5675
9368
87698
86652
87810
69121
7019
86074
36487
83328
2898
75508
53690
41391
73010
62523
59514
40443
75634
74866
18862
9601
76299
3167
26430
85712
88190
15399
99264
57096
93160
97107
3422
42097
40965
22951
26039
98287
8209
49255
5633
8206
32795
12689
77716
99098
96071
53170
78154
16910
87437
21245
38765
33852
79164
19733
12026
53182
70287
22503
79120
12659
56988
17121
42917
50647
4427
3200
85970
96077
48360
28758
568
36621
91940
38832
12558
13089
74264
48444
57746
97870
13350
77316
62391
24524
3697
98911
66650
63035
41162
44704
96760
85219
20662
6746
3840
70785
27667
72946
82695
15397
56032
58635
65542
50398
87109
48097
49292
62005
81337
20141
36872
48829
78319
25254
53066
91859
76441
31962
4833
2054
2504
6695
24587
91662
23252
67556
81723
17189
90380
97722
26892
14024
62130
47644
64137
12548
18803
29021
76696
11827
50471
46728
39800
64785
38348
44188
97236
81435
78240
86702
68595
3555
27280
69800
48237
67695
92558
59852
55320
67756
79540
71794
65666
73824
49046
91824
50287
32815
36885
77988
87388
44310
66701
98142
61823
15855
34643
506
41751
2627
70465
22449
14539
63993
4835
80359
79834
40952
13010
8597
48634
12303
68471
14673
31592
7377
17662
56574
95146
40594
80514
31892
59631
21149
51463
50093
10470
46538
20932
7016
82472
76034
2072
6692
3189
17861
96174
29857
72260
72844
67255
80935
60604
46182
35785
72723
24142
64431
78002
44603
10234
33488
11869
19366
54719
46845
30852
58520
73515
95949
40114
21297
36346
54601
67847
6302
49588
42090
67925
90740
81353
59865
18910
66243
46956
75890
78007
30821
95217
53501
76651
76506
26995
80634
47877
99449
28927
86046
21643
89717
27069
91524
5975
38417
67646
81946
36768
73101
26306
51432
57358
36218
60658
69553
89868
55648
5322
7045
52722
93711
27209
57565
71847
70825
11459
89869
98865
52599
33853
72596
28561
56981
23507
91031
9685
30479
79665
71934
69814
96110
83005
3784
912
78620
5611
85466
53596
11089
39127
84128
50229
19367
65835
10731
56005
28507
73365
27130
37176
87684
77121
31386
58193
17656
58993
61782
79936
35416
74639
83523
96324
84242
91223
18737
25175
76164
19733
6083
84499
34226
48359
50525
16929
69241
97130
67240
14100
69196
95751
59556
2667
36035
3497
48024
64044
73851
63527
66401
9892
35825
27909
91099
11459
32074
83340
17381
50100
98047
89654
98590
58285
58943
69861
99703
12334
52057
69604
98771
13120
98748
45554
63100
14992
48133
10169
39261
37953
28619
75757
51466
70254
52078
72798
38674
99352
75822
39211
95442
95325
95795
97538
26761
65065
78715
15568
86006
29771
16267
50442
81379
2516
75782
67238
19983
39757
3669
79717
42567
51947
67953
1062
67979
65995
43226
89641
91727
46839
95855
82260
1970
17042
63524
29696
69425
25504
5810
7811
78916
25596
92308
15437
63713
72470
94900
57842
52456
250
5677
62327
1258
26234
20234
58944
96943
48814
44181
87973
29091
7142
43159
67094
26491
69064
65728
13379
6042
72326
56971
35890
75225
64240
68153
30315
65875
52387
20833
79199
15911
21204
91476
53239
72000
54740
54415
48370
38866
23820
8384
41236
66393
69871
45161
14115
14803
12030
9533
4657
91397
59009
7131
34454
4892
16541
20440
32845
21270
66591
16054
90861
2189
72129
13916
30524
29159
61510
91208
29888
70111
15350
10260
59902
69892
82593
24696
54901
45801
61052
38892
71123
3901
77340
32571
38917
32034
53348
9252
61627
46293
24435
8852
48064
92333
25471
27634
75255
94649
92985
1691
10772
10148
36567
1833
44045
30058
83267
48360
40542
86016
52967
25177
56471
72625
1758
42462
69874
11866
54032
25563
34593
74430
67408
79693
6536
25001
3416
88322
4625
46103
56519
23903
81874
3665
49893
44827
74735
89449
31824
28467
77131
63748
63013
90105
42713
9657
45624
56838
76020
52599
7981
6465
44127
25357
78660
66268
20141
36747
24317
64610
94480
62178
52642
13133
5893
91523
47659
86716
25635
50740
48847
81779
60883
19487
48631
90422
37526
65349
47644
3227
7498
55379
1283
37095
48684
49726
38377
63887
48602
26147
28537
59244
7036
42855
30773
99947
69634
7706
77201
19866
42563
29494
16996
38490
97456
30580
23698
48161
35210
63831
74177
94707
35915
31662
35503
45186
89318
46911
6525
9693
42437
89722
23675
97460
92746
23484
91081
5442
58951
26660
53156
80271
53830
6949
27411
19534
23022
29828
86670
1282
14133
49503
34331
3130
80567
37505
52882
71516
62652
57580
96812
77864
98641
6529
32615
52385
47546
96175
84827
5532
61396
25926
45503
17334
57987
91083
53984
70960
22842
46981
68391
22161
51933
77482
19051
19533
48743
67023
9164
69552
40366
66921
76702
74244
28033
87815
21962
14016
67185
33014
94979
86695
7420
91743
11096
3412
21473
17259
69625
93531
4834
26466
84664
39775
8213
30983
55555
43266
80160
78737
62304
20751
81632
28326
19464
41496
51538
76918
65821
98857
23667
33485
49410
55618
31283
27690
90261
98849
47308
33689
30793
39621
97129
70825
93757
81337
8634
79564
68559
66699
93061
36329
13528
85856
90086
19836
95298
4878
77146
91402
62885
73341
30989
50770
75426
14836
53023
54411
75386
53553
99240
36220
83513
4719
86416
74041
91275
76655
40586
27980
37990
72356
49416
33547
71903
71589
87889
42808
81823
8540
70922
89957
66041
82129
5713
75581
57896
29575
69485
42205
82158
7337
19866
54125
60316
56833
76159
2718
89379
46126
34607
58424
78227
81169
80061
11688
17874
11411
78331
5880
43412
64944
16304
19316
84300
33908
32744
47180
22702
24072
99522
72628
60397
29854
12669
43450
32140
90937
16736
96873
14189
75741
89701
27680
67458
56249
9089
11659
51498
27193
4696
63093
50756
38887
14573
73697
89270
37793
48000
27520
15431
8213
76739
96342
7884
3621
23318
81412
35375
32203
48946
69221
4330
66045
19892
63252
26605
3822
55371
54241
46773
8575
74288
43250
59767
65153
13427
36880
55877
99270
28802
81724
81231
27909
79416
91352
80478
97178
83841
15175
76055
84309
18248
97871
4457
37480
76725
7582
13637
21746
83099
35233
56622
40831
96446
54626
88326
41451
18166
26370
91922
22207
76403
63407
68300
74715
61450
36108
81388
19055
88497
27175
98007
77729
72356
1322
20986
40594
25508
95704
27407
13982
20624
29832
18130
11655
22479
4439
25415
17431
21921
13789
44199
77600
39371
72492
6022
74917
80324
83009
80165
91790
11573
86126
24603
81005
54124
80274
99108
9152
75620
34715
36770
9968
77788
61891
4941
10900
43991
42317
35494
8805
63007
65922
62407
6634
60389
56895
75633
11666
21681
78857
4175
73073
35608
42192
13912
62086
72535
18327
21172
52606
58445
78377
85316
26208
51198
70473
51378
48267
5972
9113
10337
53221
48250
5279
84839
14193
2206
26861
78336
70443
54226
90550
7625
77465
47301
95843
74785
84100
37300
33719
57124
51491
75759
17540
28521
19896
21994
69025
64866
10755
4919
53065
33104
64228
81084
72770
25788
38691
54904
30560
88374
256
79013
96915
93486
57672
56189
79471
60560
22858
76674
22494
96984
72771
49727
75144
23477
41027
29372
37325
11183
55462
70574
50158
86830
33230
22582
78415
57609
80057
95583
25566
91190
56662
40925
68817
1927
46173
74504
21124
79590
7609
9383
46211
11366
65604
4611
43043
10812
52555
53030
70071
84631
90477
91557
2203
36187
98067
14544
7771
42763
89860
90271
36168
63982
86814
21201
25694
32680
28141
30758
72891
30135
87777
49989
72828
98643
14164
94893
76850
59287
43732
83153
76080
29904
31528
76670
62853
4281
9906
56660
9463
55776
73247
52933
30289
75988
76922
82915
93013
7480
54230
76907
16232
75101
69476
73826
65486
50457
9616
19382
2541
63584
19027
52124
5974
77988
1087
29086
28514
84968
4768
4825
53415
23962
38250
94006
25731
63641
33803
30183
92993
96059
11478
74218
50042
79229
89498
4155
43666
73377
36870
16455
74962
60238
99642
94327
60510
82856
96480
4059
28560
2910
60494
95077
25568
35136
55822
81564
73688
55720
30284
13433
68321
24545
25563
56032
25285
28673
91584
17343
50840
9031
26065
60126
28225
69586
10683
65687
50636
80325
7865
11976
64630
18964
96169
60317
7639
91140
11287
63276
78973
43178
22848
86654
40259
77463
76822
24168
56022
72599
82296
1114
59512
96284
28226
11549
68259
84100
59226
23829
48366
6106
43729
76427
81301
78263
31193
91821
43063
81521
13353
6859
47531
74374
31755
41993
19476
72412
43082
38661
27999
82710
90788
22730
68073
94359
3397
9980
3368
19202
6857
3011
19043
36535
49007
40177
39807
94690
91193
59687
91817
75000
42046
18791
62970
74914
72770
12377
67881
38333
24343
84394
39315
50304
31556
13309
83257
36862
97069
25453
16459
46005
56467
23758
30158
50667
26220
97895
38848
17183
59754
92896
59764
88129
59635
51642
96754
32699
99298
44214
81224
18640
99109
59625
42520
42810
59549
52746
68333
89576
71516
6823
80877
15498
95542
