100
40496
27738
95193
69081
54989
57670
51817
53500
68608
71051
71267
30811
50103
96973
6985
96060
20826
73721
19395
86573
16147
26357
46011
51429
19831
28035
19002
60047
88265
46841
99307
32160
52890
37631
45325
33063
81925
7843
31665
73109
72787
68656
26205
37514
3017
60866
82081
211
43086
32562
7216
64285
40973
39391
25333
93146
93569
17704
29939
7835
14876
71589
51629
25072
580
24681
98031
7659
95877
79866
33124
504
78014
95323
2718
78006
54315
23284
3098
61069
31903
61624
53221
87372
90807
69681
77414
42852
99306
69795
82631
17657
74291
14104
7802
15930
22877
23934
49517
5357
