5000
70201
76498
66727
49180
89917
89255
12068
13146
44773
92232
75715
49482
32081
97277
10151
73011
60286
34965
94391
25953
80028
26441
1050
21623
46197
56854
71424
18211
38494
4791
4330
21795
98542
95079
96288
69625
50251
18179
84627
73929
77474
62652
6867
89263
97893
45426
87089
73497
10880
13592
83226
35112
58305
39619
36568
7989
57704
71939
14915
12570
52123
76156
56609
30215
2312
37877
60189
74388
81065
38666
9796
95874
68024
98414
74060
58823
85960
12191
35162
29861
97915
39212
9944
15912
65356
75125
24827
66443
5595
84136
81195
75826
90301
1865
29285
75016
83520
25601
8041
96824
89421
18576
55758
56451
40178
43434
93490
37404
36274
36569
97011
38312
25001
94757
74662
6490
56447
78274
48956
61804
72066
64537
84328
71696
75948
89078
38055
36274
1867
35215
39093
66948
14817
80492
15787
81381
1097
70684
18769
62366
37884
18616
5321
59164
84019
85848
39562
43067
69989
97389
15521
93147
85064
95003
70532
57145
11969
20418
1437
21433
78729
41239
40397
82990
26135
95996
37591
29995
37827
29641
60787
74327
23573
34319
73516
33750
27371
66088
27344
45183
51528
54999
68484
80521
73376
6355
59179
93475
99806
46873
99225
1913
22430
12927
94273
98689
8489
67262
45873
76855
10940
66332
14731
60680
12358
23355
24417
61542
60729
96837
7290
59046
92048
60969
6909
12604
39692
76844
84592
36994
48184
86995
5500
48173
29363
80011
4762
53926
38718
57379
51670
21416
18935
21873
71665
52331
60295
61471
75982
3446
50339
35343
65923
45398
76169
62205
41918
10318
18830
34026
74050
94144
50249
76023
88165
96671
53308
42233
53025
62344
23269
3136
39472
67988
17932
40793
34591
14729
40717
48400
64798
55144
72980
95785
28666
12878
65762
47367
87020
19882
11795
15640
95358
18650
42131
36065
14204
53303
70331
65698
45226
19533
32596
3965
17186
726
89500
81720
54603
44426
95771
60990
87541
60132
96598
30108
64634
51313
8470
68400
62678
585
25138
71705
2689
70504
39190
14381
7769
67352
67828
77193
81554
81281
82217
40161
74514
82285
41732
72587
44581
16075
29756
15680
18600
80907
54015
98771
57829
21082
34535
35620
62818
7333
27671
52966
96314
12543
63058
91391
90859
31941
7444
5100
74699
83938
7676
73956
32218
40084
48188
30588
22568
28762
81393
49682
30388
49918
2559
82382
18417
91160
14053
44963
11161
64788
5932
17296
3624
47165
75767
46834
50976
61355
67988
79972
18874
13904
32184
17274
28688
78386
67628
24636
50328
98411
69264
45503
67569
22254
92715
42061
7685
89845
14744
86450
10573
26108
21152
60345
95720
85646
42452
33770
55836
69496
34708
78619
9983
13143
22329
76797
19728
88693
49714
49038
67937
42906
15995
97183
55254
46328
89300
98571
98444
24105
90304
6984
90969
37299
92345
74193
86944
57580
86806
90185
80238
5580
36348
15927
2161
26329
79513
2148
14600
73712
7719
58401
95712
26711
11994
52187
14374
75378
73817
5494
44639
45925
57044
25746
71115
36806
90086
50219
518
67025
97519
58707
20485
59809
9624
32988
420
87024
17474
79225
86956
12835
11830
2273
25100
77030
37497
40648
97442
11435
24191
93490
79612
80238
32554
67737
53348
64725
14832
93780
35748
5929
96776
78467
13044
35853
31706
71291
79943
16688
91389
98771
8863
49201
51637
35334
6014
11405
36780
32371
30310
32453
89266
79755
98306
42702
59925
47628
46134
12930
41182
38132
63334
2704
95583
9657
35778
94103
74612
19595
76037
88199
91878
61926
17884
36538
87660
28077
48207
33945
98804
23230
39785
55746
49835
62341
80548
45565
12465
26447
34973
30408
7570
55477
64531
35833
16664
29242
3612
9263
59843
65095
32292
94150
52895
87411
28613
7929
5543
66976
87815
10131
47477
69367
63313
77680
44541
21294
52150
41681
62045
18171
20735
38160
99090
37957
97006
96435
77126
69104
35892
22597
12009
92846
37629
16230
20869
84178
23533
88963
40396
9521
34070
7251
86581
49071
91256
96202
98343
44340
60198
35474
6254
84697
56130
64331
43458
40395
56811
64251
55000
31292
33507
79699
81009
14106
86008
50066
14194
20223
66185
78041
98016
84207
29046
16297
63654
57171
88915
52889
58945
3921
25681
8505
86353
94839
28451
42701
31948
56868
70781
36961
32877
10467
91757
28331
93693
34819
56197
97432
99433
21257
44843
62782
36247
75965
59061
11127
18689
22848
50362
5041
65375
17072
78001
6830
36332
65755
38777
17715
33449
33734
13216
19453
64197
7600
26167
19245
60709
30471
18034
14370
29912
82848
77850
83021
38618
37580
94486
79950
93153
90674
31360
29462
82622
99013
53215
77614
35741
90055
26094
43666
80781
79909
1605
73502
80395
32641
28746
43276
22636
59839
18133
35055
81501
40635
45195
15000
19730
63740
9631
57370
86735
24508
67787
17837
4739
82651
74946
85827
26814
20282
93198
96018
67035
10391
51500
83696
45251
32265
59512
85762
1705
44525
42613
36831
86997
86608
40612
9747
39917
84250
46427
40294
28055
3238
2308
30483
72589
43870
8191
36087
35457
1773
6094
7655
90038
50991
3959
6454
81845
82666
99138
86825
56245
1179
43153
77604
24159
57988
35416
61234
86667
14699
70258
955
78235
25830
83556
13426
611
60669
73720
80087
74452
74677
64398
2029
98483
66850
53315
47276
28560
89494
64714
65594
52848
78622
59165
76293
49844
33256
4513
21949
72786
47928
49474
39510
67527
92797
3535
27445
68737
94016
26048
91515
12247
34704
29864
2894
7282
52918
74347
30795
33153
14665
50453
67349
81450
76536
50478
23717
39477
46156
21637
25754
36266
821
56638
88477
74042
53622
86763
39245
86474
39985
55175
7035
6083
18194
15005
87913
87027
84508
69194
38991
76566
46848
55842
86489
30057
41169
50560
96595
77483
27192
10317
11552
39558
70447
18242
67591
39188
7593
49556
41105
18041
13177
55652
63873
46689
66185
88435
98628
64983
74387
37583
44084
60365
75491
17055
6379
88021
80561
87748
2181
30905
35923
64225
39990
43717
93846
58808
35352
27007
81893
42235
33298
329
20543
1102
78419
65491
12872
43156
32482
49013
31628
84909
9387
97959
89068
59191
1650
8384
22800
38703
88335
65996
56255
8953
74400
23483
2764
37986
80913
67031
4155
96842
12208
23863
41267
28833
15861
86705
99830
67871
80477
25477
64115
37772
4918
51821
54145
96110
25008
10576
37828
88925
21793
43409
50630
13399
24439
29411
25659
19055
19136
2102
7065
17034
63057
9959
81788
30786
45513
33526
67730
97450
93543
68164
27228
96667
84129
78600
69382
64661
66363
74772
66909
38430
43155
78157
20694
83716
36282
47064
83655
55549
95969
16714
64778
16103
98539
37932
50952
166
92183
40237
86389
42245
10099
33609
39338
35536
49333
60753
74967
9100
54878
66832
86404
96757
52466
39706
51327
32278
97065
81380
33568
97230
36333
1470
19184
37451
25018
32928
76288
58415
62352
12286
55342
95056
40469
15807
90289
75552
49070
32343
10128
50274
52584
68285
44391
52369
82101
986
45493
42882
27499
45677
65377
95039
45527
43366
21582
28736
25259
66983
30291
24755
12936
40454
18808
49514
75374
33681
26368
20634
12417
11843
3358
50068
35991
52747
38164
41550
20210
21508
87093
69850
10963
63066
24130
74538
8970
71888
94447
9747
44819
12857
32926
54127
42745
59710
22012
2966
38093
90016
10303
5138
10
1809
60708
20930
74632
90295
60608
46638
6250
33372
85008
38260
89436
69069
22345
45714
67712
13782
81871
95082
41916
69989
59426
15953
9768
5584
73870
27132
45343
83392
79462
53252
5722
18483
38078
9601
48170
42494
71345
11629
53365
85954
41718
77273
69542
33531
96335
40452
28115
21930
46998
2922
70528
89801
52545
28453
74809
2566
28908
67994
23373
84782
5550
95946
833
96264
63661
11462
85114
43956
64369
95565
96451
60161
27853
31467
94969
71894
51249
33854
7741
46506
53345
47683
49720
38922
27569
39796
8923
22531
96362
20892
95307
26876
91003
33597
23684
5544
63055
33370
52774
6870
63021
32279
9530
26915
12786
33530
2615
76355
92801
41065
15224
60059
76562
4427
17498
92528
31329
71226
95465
22109
87279
6515
97621
80015
3060
88091
95538
92378
85544
13684
60616
30332
86533
24310
37633
94943
36830
29205
80228
66782
70019
87600
94999
82949
44851
86304
24396
54878
67150
98572
97348
13241
72654
85413
10323
63328
41990
67778
2204
30263
60179
83303
61675
71637
80313
74962
96094
92316
84222
15241
17922
55100
3877
5363
93286
81292
69184
37539
89959
62292
97758
28078
59428
42652
41729
33893
41515
61006
77827
3157
75208
86554
499
67499
64074
67743
14094
6651
45819
89168
66025
84036
78155
37600
92083
62834
43495
17678
29570
98933
34718
14720
42945
11029
61672
34243
75209
28698
61813
69014
83477
43690
24738
45494
59307
21981
41953
30499
9332
66991
66513
74881
65385
87532
85783
55206
10469
63894
91092
49839
677
16909
22779
30748
10683
96557
87357
28908
88973
81430
35884
54780
79552
76615
99557
71769
76835
27108
77044
51247
27027
84530
75955
63113
56338
51669
94810
72141
16631
40132
89098
85689
91944
33983
31703
47952
71529
59606
68652
52875
592
20300
26106
94158
851
84432
93867
62050
88617
77952
64073
19236
7910
26549
4131
24925
4504
16908
78202
24811
68300
76948
41408
57744
7173
8308
42795
95004
41841
87194
73396
62212
68186
53972
30053
73385
91067
26504
72818
83816
43162
8017
36766
9400
18243
33473
1288
26473
53162
49822
26312
21118
20210
1509
67573
52084
62454
225
49548
33595
29755
73371
11697
6014
781
27668
34783
7939
56420
84037
5051
49163
264
31525
41581
47426
52480
22359
72340
48228
31439
32384
60872
37972
75009
26366
72298
85766
10781
77949
92172
88674
55048
14704
9532
1091
44140
8824
70178
81914
49442
17131
99509
45304
56882
79666
45738
86108
80707
20154
25492
34959
70755
19394
90857
51530
30769
13403
89155
98988
80426
12809
80482
4685
21915
21421
95481
31774
26649
865
39848
39013
48743
15984
39247
46226
75719
5789
80987
90929
54823
47993
25229
63423
98634
97117
47667
392
56812
91791
26403
9120
98321
60262
13293
94134
14417
80700
60211
14482
42374
84840
82117
66977
48657
83866
54473
80365
70305
48669
86494
22050
13323
8341
26937
43240
22332
74485
41003
55373
36880
48849
58560
19156
446
40202
11403
52735
81371
68375
58406
11341
50684
27636
90889
79050
64203
49616
50354
13866
81056
51181
11005
12728
32924
85950
20917
2841
43721
5104
49220
50579
74210
31662
85148
97757
71514
60276
57107
90692
62436
8436
40105
94521
62002
22834
84026
68074
91851
6494
1069
25511
61458
91634
25513
99308
17462
26565
90045
26763
29189
94677
64997
27787
6159
79641
90258
67264
95944
54732
69923
92786
37463
46846
79962
243
61842
22054
16830
34352
83051
88013
69280
20258
24623
95351
27884
24884
48311
30523
74976
12722
51646
66599
45090
35083
33125
89566
71290
63201
79592
57642
12788
56826
67867
94926
38971
60126
83953
40908
81503
96663
26638
53176
78420
48371
96345
4535
7782
20353
23114
12910
95915
86973
95211
91704
30957
90342
48368
47539
21941
93921
22632
11549
49058
37754
13573
24413
93338
50161
61608
35622
60985
81640
6480
93288
66429
85354
95129
78213
23079
10058
59638
49849
47657
21575
50978
3560
56788
94078
19703
84861
57337
45391
82847
81776
86454
42112
98010
51016
90647
47920
5413
68104
46862
91750
188
45123
15764
91432
14698
21777
92945
61393
58970
83092
51564
12815
96131
16290
40765
53129
33251
40432
47762
42803
47233
86080
92218
15630
61395
62994
56120
87968
80806
78480
35445
4058
9843
96263
82316
49955
47095
12743
47193
36452
76292
71250
33144
23283
66848
9270
48238
1120
5040
71653
16089
87528
67768
99864
65814
66433
58990
95698
99153
10838
19149
405
95764
74334
87757
35899
36010
58728
66018
33853
4450
45511
22052
24702
58683
20744
39870
50416
64401
19390
37761
70335
58689
1077
22424
7304
14378
71826
90746
96349
1579
53849
48156
74733
77837
24550
39090
62467
42020
4744
38797
98064
77436
95371
56122
34737
21025
78549
34119
77287
85867
45873
33891
70811
43938
96982
318
10215
97241
53824
9833
78780
64513
36058
98839
25016
44271
54
88230
77052
2874
13207
1324
877
77032
25848
62848
2491
59363
34400
84551
34127
58704
64922
67099
84481
52889
15582
60456
54235
19993
42749
27527
28687
41565
52459
6596
99763
94713
57001
75769
13509
97472
24689
32808
96475
23351
5863
99650
965
53657
52902
5944
33430
33097
45654
58191
84279
71720
80187
69338
30984
79867
66461
30795
68539
81495
36613
57568
14540
36080
67143
95321
89358
4253
78451
39045
72757
92753
92435
27096
11118
47185
26826
53212
70025
34482
27973
58270
34960
22357
13440
10455
89048
11819
62010
98738
97747
86729
12835
20435
35480
87262
15682
41318
15801
29320
18004
43005
33647
93495
35811
63951
45547
83530
41763
13341
92485
21692
2681
9014
74823
15917
5643
3801
27756
67544
3218
94052
6168
37619
2926
62047
86606
52692
79066
54789
13220
19362
46304
77518
81093
63198
78519
213
16095
35150
72584
15621
77019
30727
15162
17383
71947
78956
11836
8669
87969
73381
55868
76072
54547
48898
48949
6178
19887
18434
21146
85380
16834
92454
30493
72944
68019
1508
18594
13474
418
5293
1956
32295
27736
21604
78115
75201
23652
31085
44328
64269
33074
46900
63392
76823
1587
1078
28574
34099
43280
68303
2762
12748
60092
31841
45173
96252
71638
15234
37096
12890
17376
96808
69978
32148
90586
47018
2596
50879
80068
45324
29754
45048
91229
21570
83294
69779
5240
67535
84194
67751
17099
31561
80234
2440
72017
40311
92343
83061
28399
78275
95888
11909
53742
18455
86577
42646
16232
13462
94628
9635
2437
96364
57745
68997
60521
21540
2172
8082
27881
3897
54390
36324
82595
90321
26709
10375
65800
49324
92482
32381
53297
99577
4211
72561
14497
84915
58627
6846
54753
79447
23632
71371
64229
20277
83175
63229
39579
90414
98124
43555
84504
20571
92689
22581
54520
21141
23935
75632
46837
14974
72423
96111
68340
2564
45812
69502
82076
12302
96745
32755
15970
34693
69442
93341
46466
22649
95230
89437
43681
75377
97869
1032
64318
88357
75097
73519
54421
8863
64496
42271
84218
88294
93606
98728
79420
2754
61336
88517
72352
11734
28001
47400
64835
43623
47320
55600
26279
63742
13354
98393
13107
82638
90613
19491
16836
49026
88195
20203
3623
22631
6317
30363
81899
26143
73575
57038
87506
75124
93378
35788
97418
55058
10711
70115
78151
22756
42358
9438
43636
98749
55983
12445
40022
8328
46991
38836
62696
80634
31915
65731
70986
38395
29603
54405
14743
45805
5917
80101
60279
44465
72178
51590
7470
6113
11906
118
25046
1441
66903
74723
52039
48832
4533
14125
24589
67351
7108
45094
20940
88795
7594
74329
12964
9098
21552
23404
10371
48432
2993
41230
75698
54922
75938
74309
54508
74020
89794
8377
42785
11890
51966
92489
39023
40961
80242
69039
69219
83601
95910
10976
46216
12115
63678
749
33672
3594
58136
48487
30833
44427
77925
61126
38033
68267
58970
42229
65138
45387
9468
68304
39947
43960
89798
24980
70711
50230
9723
89974
7139
65863
18840
81574
74320
30787
45165
37626
82885
85049
61429
90492
24129
5441
26079
98761
23675
75480
32663
98611
72433
39951
47735
59728
86175
5312
60661
73828
43345
19234
44192
34025
79934
86327
20530
28987
45883
78260
18764
10643
51629
69640
66471
60052
26604
68547
55507
60734
44578
89619
81841
29102
21425
62860
91679
38699
27464
86102
53961
78752
46745
60176
93814
76006
60365
22279
93302
18030
34411
14553
13864
30198
44674
21280
67461
95932
13526
75323
92333
1572
64588
68121
76520
9270
18657
5949
21497
76481
33746
6429
66693
58770
52448
18073
59418
93215
56080
49407
77357
55694
91952
21691
1198
3720
38433
10683
19155
55558
80530
49732
86216
83195
3971
40054
48501
7235
13120
32835
69334
72467
17235
16824
64739
85570
17875
76093
91193
89581
5547
36503
55732
98849
12591
31217
67125
77200
16104
68560
80861
7764
30205
54508
60040
71788
16362
29684
73553
50942
81763
47649
63365
89397
82997
21242
52451
79429
51430
30920
70641
69702
51044
45364
85541
69994
82748
68334
63392
92006
88505
90225
47871
5147
91053
81824
43715
11088
52217
46464
41126
42764
46986
73266
84861
64795
77011
99687
35847
33742
56250
83829
20787
38922
19312
14362
68809
47915
66316
87983
60004
20027
79609
11668
37535
26222
91037
20830
81624
76918
38545
98247
20784
25538
15799
37206
96768
91523
88224
19667
14857
43112
12931
50625
71688
60629
1693
80056
49879
12721
46143
84333
30061
77910
95406
3302
9010
29527
10732
20984
40333
65556
19008
8168
54479
13145
30033
34298
74426
89637
41040
58717
10556
16343
21728
35314
32639
37751
55501
11677
57961
20900
25094
2878
6416
48516
82412
72837
89720
34403
71692
94841
93309
72601
18351
49590
15776
46257
13403
45038
58396
34369
39684
62869
53631
26424
54113
4084
92842
75574
60436
48698
43307
65954
67878
97656
31573
36494
79550
66759
64283
58317
77330
80468
88188
71413
86395
74172
70014
39783
24817
212
13961
15892
94632
1892
35762
240
49335
29319
35795
55444
85578
67926
47801
12668
55844
81556
39526
94393
40431
48830
90509
31511
24500
45614
64946
77744
86596
51253
697
27591
83705
61554
9647
7485
77097
68940
948
32418
16889
24554
48548
41714
87747
17363
99491
36980
51842
68046
94672
50765
98453
98869
98219
55005
46488
54142
71434
99366
97902
99561
84270
85835
39405
56079
89736
43219
1065
17382
44718
60325
26038
14893
52322
57755
29749
21192
38816
57015
27749
15904
59353
48349
17827
80150
31986
59112
55281
4675
59946
38283
38866
82813
9429
24788
93674
55371
58060
55666
69559
84384
50999
42334
21642
55030
24708
85965
31328
22457
36695
54204
35067
5390
14611
53308
50040
72441
48262
82214
90355
12850
54916
71518
23214
4267
1099
52769
33425
23547
14918
85330
88137
98674
20372
84325
90427
12787
16685
81088
17789
89519
14262
32714
53742
35429
6054
18706
976
6944
52887
87660
12739
63832
35225
435
20590
34652
21370
8140
80042
3405
3990
46948
88787
20004
56986
23663
72879
44729
67536
76659
59930
33559
36195
95491
77766
76614
36525
31770
16813
52406
87880
88966
68059
18074
83312
26764
1863
4165
35688
20328
71614
55027
75326
42201
7746
69647
32229
99493
92529
89138
72119
79140
33158
45770
95150
39887
70689
1421
72271
21606
81992
10085
49294
58206
91723
9830
89446
16282
18499
75921
99182
99165
34774
53006
3744
34129
11593
84284
90872
69286
81104
92941
88684
29185
83581
61006
4439
98279
14102
2848
31291
65270
37886
6448
21836
42781
37340
58039
61713
91166
91803
32027
81991
64843
64123
7462
9438
99533
15551
69740
78757
25231
7336
24366
64626
52846
77474
18054
69028
12636
76687
64290
69280
92849
3057
16616
86092
27904
64598
93239
54050
27343
4809
97120
63480
7262
15474
31952
86253
39814
24288
87725
4348
31908
95501
53747
85338
27883
44342
422
84885
42087
83197
81230
51934
39731
71086
3230
61768
14840
15251
77635
7617
78398
78032
93320
44674
78621
80059
59916
8400
32160
69349
40439
9648
19479
80495
86828
87694
48690
89591
29509
83036
54093
56769
1419
73775
91817
63584
50082
77417
54529
28821
32881
45448
20372
27869
83353
12420
86361
7974
57415
66776
80923
8195
50064
92680
94610
97255
23819
62165
83560
18865
41998
71394
6093
82034
66851
55556
47124
91996
35188
30533
1865
11392
52366
52240
51988
31836
11948
56004
57628
89214
73671
16765
58091
9342
7063
22322
98881
83118
30699
34099
7432
97376
73989
52877
37859
46163
92414
45846
73091
91594
89888
27628
53155
59598
85248
23209
15803
48451
85507
81093
21162
71257
24738
69027
85508
38476
4195
34090
28499
16265
12714
18602
43768
88722
39896
42038
70879
47000
90695
74057
65652
22179
20174
91147
36798
76606
88761
35729
35370
96621
9376
62904
98268
69768
80696
70839
45666
14919
27381
67989
95832
74640
8449
58882
95167
91680
32659
72518
7925
77389
44626
85496
78162
68184
46181
83456
78683
44849
9812
25143
90321
22460
84762
25618
94445
34305
49314
17982
83509
4120
25130
51968
55697
81442
5334
73905
66971
86245
67160
76244
11957
76936
55485
8064
4872
34666
50117
62191
21201
25566
82550
19821
28031
19960
309
13106
97469
98177
54526
6328
9823
38189
35458
53503
4150
25652
12380
67128
62188
45039
97469
68944
72284
84336
655
97445
58130
18302
57975
62444
30730
9174
76797
35215
45507
57454
52206
13760
62360
31478
17588
49362
30984
12473
43482
20886
81992
96481
9468
58354
87686
94606
68426
13802
9895
92171
74263
19812
70213
13747
9676
82058
8345
28890
33207
18734
39951
97771
38419
89278
52139
99688
97440
33472
29110
21205
98280
83007
59900
39716
15952
38498
13346
86634
60289
6465
26121
74680
95181
9583
98305
74120
58929
7200
28319
38697
86329
99043
51722
99240
6865
32878
64605
14691
31435
13390
85111
62844
59438
14707
51265
5102
7488
34120
80482
13655
88503
1887
99654
40885
70025
36405
78084
2802
73192
80976
95411
51614
87693
54675
43902
83589
96219
34332
81813
25064
10899
9487
22110
73033
48964
60863
47663
62821
82995
78669
44091
28667
13707
60739
39666
75900
75185
61248
96412
69032
3416
86761
7844
33853
69970
60051
3269
59289
21711
69671
56357
92395
37971
80107
68796
78630
67258
93200
95560
56557
69251
78347
54042
82827
4786
72855
8655
26438
85804
56718
95819
64189
18305
22802
5077
64238
55898
50023
12736
78883
53545
82921
51473
503
99862
55742
93990
57010
56082
33221
80078
33010
74262
18653
70690
72143
50886
84666
40600
69699
28730
3738
13231
40964
4692
3383
73273
10985
27443
75989
84874
13
5133
76682
87550
7691
81097
89330
99540
92731
16401
81215
82593
26700
38689
44902
17415
58576
17625
57878
9227
71918
15697
87706
6774
85291
77279
98178
77021
15056
39463
60874
10452
87577
87847
64842
90046
73101
9914
13902
42965
19645
95730
93012
42785
37685
69059
98414
68252
11310
52252
25265
80049
83496
88573
35715
75682
80194
28492
59406
57128
67297
51585
49364
40643
66327
38890
58130
87220
17406
49319
42192
9637
81114
92110
58011
68928
70538
38787
46525
46246
99633
23322
5774
70794
80774
26504
83892
13368
60064
28499
81016
91052
8529
24639
43252
7680
79627
43999
61317
72972
80146
63556
90107
78583
75722
35612
20866
23643
1604
88729
13159
29095
70135
29857
27161
30645
36073
49110
72632
23298
83655
48579
83884
27508
27545
87271
82839
16770
36573
37439
18523
53071
38659
95316
5956
55690
3562
99883
95669
62007
57227
20805
37789
44496
6123
18289
49456
16929
58571
89105
72548
20321
86160
6044
57593
99560
66874
84278
83654
88931
88104
65024
7207
30273
20235
67820
7470
10828
35471
43114
7960
67954
68902
56171
97137
63576
79587
50251
77641
56038
3339
69245
87896
54857
59668
79040
99377
4708
61980
5348
864
69639
13424
41054
48116
18353
37778
22429
44967
75697
17517
53057
81925
17706
54138
32919
55055
94274
91288
89193
55326
30344
65884
14622
16371
38182
86329
7150
88721
28259
78939
54301
87605
21817
50158
31990
81176
76585
35375
16206
33221
19715
36790
69587
23315
84210
6240
97758
80430
64642
32132
24413
60086
31070
43175
52158
18628
81844
12669
89633
704
53625
99166
75154
26124
43167
30575
43628
10858
55765
56964
54087
57198
60853
36063
26029
24155
50655
92113
85021
70827
61899
32029
62540
26749
97568
35220
22007
80537
20255
4459
34948
73080
65727
18142
8729
85384
70558
98015
17705
5336
57526
84347
56972
81747
17497
23309
80140
42459
17599
20001
22886
48847
88267
40434
85354
80568
99774
32548
80065
84436
99825
68535
12830
64933
71246
10685
43717
76694
9405
65980
65833
92841
72005
58755
99862
45350
47232
51700
19447
24934
65887
4872
19260
65502
16004
40044
32255
91112
97133
68030
11570
42108
19470
39381
73258
53516
22907
79350
60634
76633
33377
63299
82612
71168
61789
28251
93723
40928
72265
43296
85648
12619
6228
56914
12777
63538
85872
12019
293
12079
14155
26877
52944
11326
30939
38864
17627
63049
6297
50970
33821
24826
92882
92922
99326
2891
9140
26068
39629
70895
15394
90899
5925
17061
71383
39006
55227
97614
34811
66351
88362
30799
60153
76305
82763
49243
32482
97745
31148
85854
60133
50580
45620
8111
50366
71004
13762
8412
63905
71499
72175
52275
91305
11428
94755
51376
3905
95499
69560
0
41416
35056
52184
52443
46024
17132
37113
82852
99421
67140
57238
29924
26250
67904
53977
52958
33499
57031
39499
4885
20724
88845
11926
15959
14329
30230
202
12896
17705
61884
55264
34018
24776
50200
73544
10014
31393
5270
55732
55886
91903
18417
27743
72510
33368
97923
55579
52220
26402
67436
605
75729
5038
2158
16408
10876
23094
69534
79019
62467
46857
86272
1083
25645
50648
91336
15466
45287
27286
79881
19860
22212
64735
53669
3788
41378
14124
69283
84635
431
34692
90475
5515
81813
3791
5528
88101
9217
51189
81585
67468
7772
51330
53435
35595
39796
11427
99314
17198
22509
21263
4637
71305
62072
58115
90415
73853
98024
32269
63816
32147
73953
91169
89193
24035
61457
88611
69853
16583
33754
71910
67598
86155
60186
41651
86123
53974
45531
65604
13907
10524
1633
1361
76443
24630
11588
24299
87615
64934
72895
2223
9437
70223
11937
26032
27441
96617
1233
24034
50203
7979
45620
81106
2707
91549
31206
55240
55488
74597
80989
68756
31879
47606
90244
45696
66582
550
72114
19055
30581
44964
7933
51009
37172
58506
62032
59701
57350
69897
57407
93653
30140
94856
35499
91128
88054
66946
86426
73546
83363
8904
45415
26141
48133
91112
18432
4255
92993
45046
31952
50432
7092
91608
12631
72733
57004
61767
12686
38936
89573
47635
20259
34359
3614
1319
31232
62020
4763
54697
8127
76605
90590
92819
67396
18713
70736
23507
75430
650
42377
42802
71155
50806
63404
27046
1926
41967
44427
38931
60931
24899
48923
7773
7793
43903
28502
28156
82242
37771
22526
67227
6013
35078
78758
22901
30854
5651
33906
6076
40377
23874
10344
33255
79931
79455
16015
88755
62565
46356
93202
92764
68794
25889
85261
69294
23006
98800
74051
65097
2851
98612
15986
53303
28056
85347
80014
37706
10089
9904
16961
8774
13547
45160
86856
83973
19947
84446
37030
41147
62120
27191
71407
57893
76857
70162
70320
76011
86737
85174
75802
46089
21720
67672
81889
66967
69190
94666
68259
52736
2204
11441
9570
71154
94355
96843
47569
81392
49231
37221
66787
53276
13632
29340
12323
14959
22418
60801
81268
18652
89772
47218
61015
64950
56178
98403
93284
83214
40079
77800
14786
68671
54011
43225
56134
74779
56634
107
70646
90003
10095
27082
70742
69631
12565
77966
13501
75939
48363
37127
70316
39507
45887
95683
39402
10126
36263
69925
15182
24802
87431
92581
56173
32930
63697
29488
22717
69945
28197
70344
10219
61367
80300
43903
35482
62316
26213
81926
66345
50984
31031
36549
42881
62244
51450
2719
51515
78169
68592
68313
27916
7736
23677
69781
84264
13493
65499
53006
1515
91482
70228
26268
83002
46913
13291
20257
96712
99449
3318
99358
50024
80524
4305
55586
42310
62217
72298
93227
78193
76104
37669
62993
87669
10605
30310
49046
69637
44756
99182
77603
28355
2157
19073
62250
46773
39988
63238
56432
21865
77845
62417
42566
2880
21173
41903
13355
65157
25381
913
46159
37901
63590
94796
11997
30319
26220
63360
86724
57145
32912
41979
93752
94394
55015
12110
97273
37171
22840
11263
17742
49758
46717
41105
94517
34732
58585
17006
56033
60654
12351
24927
83097
13648
38635
23971
76990
62141
90756
94366
20468
30881
31225
89798
34994
2177
19760
19623
77142
3598
21476
80767
27920
57106
43963
1185
20141
30614
72460
45679
34264
30244
28759
69306
93516
16283
85259
85997
29180
66254
47773
66707
60312
16687
74527
83745
8280
3714
15576
49255
42115
62808
58190
12837
79152
99011
48782
9370
13775
15702
7426
75931
61236
34110
72003
41598
58090
23374
59538
21627
47989
62493
78491
69238
80561
39310
66427
47548
7825
3912
60227
76879
95034
50422
19169
94053
40148
35398
27651
9
8063
5135
3479
52856
18274
73895
75916
88239
44182
43735
76542
82936
40594
13346
14245
9883
27662
99403
54183
3016
5292
67450
71879
63052
1782
22524
43417
25049
26779
81683
39556
83015
64344
80198
29318
47607
33523
36574
80158
1930
57605
77701
88902
82172
57682
94122
71237
81672
41594
41603
57130
52460
58489
36641
15212
78628
23788
69436
8776
67677
4359
50027
72580
37975
97444
68468
6666
37982
31139
94490
17436
87117
22337
27398
74959
97268
74140
5019
84533
82496
17934
51219
80427
90762
75228
73737
25291
73735
77305
52710
651
29233
86587
14236
69485
76615
83840
15873
12711
21934
6779
70046
52238
96670
63134
50163
77018
78532
80415
58286
42899
45217
60221
30591
92348
81628
34417
88355
34703
6628
46591
52470
87344
33259
10713
34134
67703
54420
87857
44973
9837
11971
84454
60325
58960
87242
61471
11233
66200
19634
4160
24518
21566
61094
51493
87253
86478
33647
84684
57496
11580
48589
346
87454
43303
46806
48324
69910
32790
53422
50729
82512
42
90608
4257
21893
51835
56778
95380
93598
73247
82134
23386
28050
8776
56503
88711
75556
51407
69918
68249
12960
15455
40322
15777
46116
47843
68265
57741
10696
20553
2044
16030
14162
26030
93022
74712
20544
43714
69465
41829
29514
60333
73289
8969
51350
97664
23972
98380
49409
81484
12725
4250
79107
86925
66660
99515
96208
50964
84427
82175
99277
53172
51051
92361
61200
96739
65240
4006
3575
5565
54085
90498
92919
73203
65700
86059
40989
62553
37776
99477
20040
54680
843
32619
8087
49885
34412
29940
55133
23479
52588
76042
95496
5057
93718
23002
37048
2388
33510
5374
68152
27976
57063
35154
33771
39532
40280
62522
58954
29072
24919
98211
45852
46135
52733
42
90778
96858
88073
46668
2685
42758
97960
92599
57812
6180
95804
73374
61231
3501
90517
46369
31240
20386
90354
49272
76384
25350
19443
50092
27107
4564
98396
86538
62858
73317
48085
71567
68630
36671
90676
53075
86833
9098
57062
18370
52087
15201
42821
1105
64615
99395
82281
98970
68139
80797
50894
83124
6776
41184
9759
2668
16151
46469
96817
36263
51335
59255
75628
99069
6636
11870
30461
93881
63556
28366
90245
54365
24487
64901
80794
34409
84986
42366
60224
52008
8375
37101
38481
38922
40207
42767
18034
43343
7317
8346
31366
79428
53554
11407
60415
53972
58845
13377
78587
3438
30004
78084
68171
32826
26891
55252
14515
88598
48176
4704
38232
8327
47614
83155
39032
57262
11297
68579
99056
73330
50917
6972
70568
94142
71190
94809
78158
51172
74422
19790
93057
56069
78747
17134
38160
92967
72948
32907
24195
76509
55886
53942
35881
42855
26743
30849
73498
61400
47678
85484
11204
56661
21664
73274
55076
75729
75279
75559
96189
88522
47757
8444
14904
97764
65046
15434
44650
54797
58112
22654
68176
89090
82161
19765
2294
16067
92028
39083
72893
62257
93602
56314
69663
24236
24443
92395
31181
71382
64279
75001
45093
73867
430
32171
84335
90349
69079
62460
37901
15691
97365
18677
13227
3363
26541
96114
27581
21810
31382
95839
50000
37468
68619
49102
83961
60377
47995
90031
50718
32317
21788
46283
10040
37838
893
69024
50029
41825
56764
74486
76121
65294
77902
15864
64626
17528
85283
8496
73036
66507
10809
97366
94119
64975
79410
84164
42041
47180
69647
25568
33865
6590
29114
22148
85451
67216
57893
68929
57756
8027
10124
44506
26146
28722
36282
37134
53600
28979
46803
84733
57323
73520
40742
52158
76081
18838
59021
68564
19574
79981
95476
93613
