2000
32569
86350
43535
68674
93363
42113
90209
56486
54952
66131
91752
35061
15862
51085
18124
71811
33915
64919
7555
32965
66736
89538
21156
16062
50776
58859
16622
72688
93686
26604
92709
3292
54025
82251
58369
23544
27865
56520
87358
86781
39840
67661
36019
81525
87874
74209
90430
36707
19611
67665
30437
72342
85229
43373
97
53855
92679
72286
57163
2093
27994
89289
725
3404
32919
17726
94436
10313
44879
19460
33240
17723
18579
51391
910
17251
99926
88171
40396
47575
31911
40724
44874
16158
45294
5622
71377
60201
43319
65596
4433
21008
34422
98552
56389
13067
41547
32129
52318
12664
11524
85844
34848
55102
27826
29065
15539
57295
39148
85793
2973
7402
70301
81409
39190
98146
97859
14845
44105
59429
10660
5002
74996
38987
18452
7478
68141
87742
8528
63794
56832
90318
11750
63543
74221
87390
61549
72111
32144
20347
65692
99450
39697
86778
64719
17031
43384
38870
20982
16225
48123
64907
970
96721
61469
80077
85588
65735
22087
34043
25699
83245
29049
73358
84010
1286
56957
40159
21391
62019
37039
23904
17310
52907
83117
11309
71639
71799
96623
84591
93742
76949
63148
44562
13501
85736
16355
46746
78651
14784
18639
42825
33690
94915
19460
14147
33715
74182
25203
45513
92751
95044
3798
71269
17986
37467
5604
85224
79125
71010
53740
33134
53590
93167
86485
59569
21146
21134
93366
16583
23888
84760
59344
20861
3600
43369
89384
10663
49455
91993
9856
46757
31574
93470
22185
18555
45145
56389
36124
88172
2336
57498
1595
44806
88728
33991
52882
47882
64672
22798
14552
66980
5925
16327
44764
60681
84810
16399
81521
61847
76306
47085
67153
63777
54309
347
94036
11246
71853
16506
87939
6238
68368
6229
15464
88013
19669
48716
92343
96956
97069
79692
24550
60196
52294
54022
88920
17994
68416
52468
13900
63889
29997
93253
790
1589
83430
92634
59539
7938
87163
93010
25614
74106
62391
74850
84815
37976
32035
23529
20606
51010
49680
96950
25064
14303
2066
59327
28695
55614
32361
51215
53912
36681
25470
64207
31201
81506
93126
34033
43355
72642
1176
53291
19028
6400
70461
85406
93876
90374
95355
47391
19613
29717
69111
60158
73584
62551
74134
66636
44995
15459
26925
46862
25254
75684
53447
18763
63351
29622
306
82587
8401
30928
60431
14995
4923
45565
49360
23313
30294
84672
97170
93227
63882
88908
45837
2673
37755
32293
72500
87175
41662
68582
39818
91705
41283
77594
9501
717
66069
51730
64112
57057
4868
16646
54850
79055
72345
3655
73200
31575
49364
26008
33399
52485
59571
13100
35421
73045
20772
85482
95094
19426
30449
52357
19452
96064
81386
41847
1238
26257
20042
14125
55880
18621
41743
14614
53566
32894
52151
92061
75505
84564
5841
65895
44090
87610
24564
43203
65735
89284
15783
65722
41705
79936
64607
84911
58784
24184
73434
24592
25195
55576
24992
26963
5903
28721
39877
70123
34545
81413
71041
37748
86102
59276
15223
78988
50770
30188
37477
53307
262
65549
90668
6467
89139
41454
60199
3448
64972
30165
60108
66204
43848
80440
19172
96632
2097
37629
1288
3653
95823
1310
95984
68163
56209
90092
95092
67098
30864
70227
23819
56149
36880
89660
17952
41271
16138
59713
51849
77508
27754
91409
54213
57235
31483
54462
39115
11115
82626
811
19093
14153
79206
76438
45634
5772
12952
24905
54625
17704
12304
39994
9156
55943
26794
83554
60508
61959
25455
37514
91816
9177
33846
2202
12401
97693
16322
95093
31609
4841
5780
68263
68702
64766
37240
57596
80395
32463
87649
97006
67797
66139
97099
44326
87458
32363
38074
98566
73853
89323
99101
60809
90435
74377
91609
91538
93188
48628
36413
22763
46535
3864
59094
17341
88249
43917
57278
3924
67440
39740
52714
52638
9657
93866
8226
4769
77209
86173
93150
23102
315
75520
83197
84703
49832
69243
56355
26133
49904
44435
28675
57875
98335
74935
3180
82861
32957
23764
28014
62506
72519
77494
78191
94638
9899
67666
65420
10018
43960
4424
71962
92974
90609
53761
20553
42247
15197
30643
4930
19309
45897
87645
75376
77235
60095
72155
72338
24347
77636
30647
7960
71396
37655
43527
26324
89975
43562
12062
94401
65980
31434
99703
121
22643
40091
5207
89177
68550
51996
85356
83479
63402
42045
63780
55281
10996
50671
25461
8335
75621
70716
2300
74312
20316
89933
20754
39173
97325
79924
30994
40449
26115
71007
58784
37246
95982
77818
16618
94533
31847
3661
35000
16850
39080
45504
46954
28121
90889
43577
42671
4301
2486
38391
43791
29138
27871
30088
13706
36399
47862
61977
30304
60937
86676
21300
82306
37991
75316
90968
80338
41261
95889
44670
81995
74487
3840
58259
38598
6594
43825
14107
67713
94545
56657
72320
50611
32090
43215
76673
33856
98275
1209
80176
30560
91154
83643
39230
12080
25742
61774
71806
2016
56832
18906
10552
94927
8951
20824
87656
7015
48325
48338
77513
66994
32892
84789
14286
45988
95352
7185
41669
97434
22851
23111
81333
66410
9772
93614
88724
62699
24946
74099
347
77491
51544
76623
49216
57933
26159
12779
75454
19658
35172
77032
72571
22771
84268
61660
23085
15360
29871
55184
44778
92225
36096
96460
13179
98611
65699
23357
53405
76993
27420
33742
47848
13434
28477
11622
7531
73262
28473
95857
34632
20132
17432
68217
55941
11404
70405
63256
49281
69629
16197
62089
66039
88098
90892
87803
84843
3099
13286
61875
70879
83858
11951
72152
55731
5021
35393
30126
60507
76110
7348
17965
35956
25298
38946
71972
23431
99273
72692
78901
83945
72182
99201
58736
27788
12712
29258
2779
89538
89733
92350
30676
39724
36742
20031
5804
15372
91359
85638
36540
79392
13176
99233
63233
53256
44489
34986
28864
62107
63847
63445
85438
9866
38593
84299
45865
66400
76127
8794
41519
98452
28504
55399
45409
481
10572
77991
41585
16645
50693
24010
6564
29854
34202
68160
43654
62565
51925
36060
31740
15781
81433
30481
92609
62460
28667
9655
83017
21792
11094
11317
57081
58942
16113
32498
39666
77103
13586
38065
65600
70013
81714
35303
89744
7355
17001
79033
56793
36891
13889
20249
38476
13475
35454
13244
56707
79834
21133
83170
40974
24056
2512
82062
88545
46185
42139
56208
96590
71586
21920
98533
75122
34787
92135
84309
56499
71940
39924
47905
95210
90011
30155
52902
84682
39063
4291
58644
18946
30344
86839
29966
78902
17701
74423
40577
84111
41004
65735
28000
33100
57346
6602
22219
42734
21154
73713
45045
48953
91372
38445
48788
59873
49937
1025
29109
477
30234
96439
6978
35261
71890
27590
30317
49807
86709
72714
92646
69838
13184
94867
48670
87541
96466
27858
90260
57967
79333
32447
27969
46851
8878
55181
31118
2160
71907
79998
2892
84937
71310
73784
77551
49064
35064
69560
70248
9043
25055
72274
86214
75699
83461
51672
31199
17670
71979
44759
96834
13666
51171
91382
76397
11762
26701
24337
20684
85074
7045
54716
72739
6968
25239
60999
81474
9073
47745
48818
27944
3216
23822
52982
47433
87896
46386
90187
82094
4628
39916
91779
50887
7222
19880
79948
66673
21791
73875
13253
57531
2855
61688
85937
55670
85043
98142
42400
321
16220
99294
81938
3367
17192
18855
35803
90258
30444
92967
45855
74017
36448
23557
52046
60511
21151
59425
63745
66247
47045
4147
71762
32986
68690
23283
58401
72320
85511
61740
94453
79780
43927
34042
46172
9536
11709
41291
18935
66717
82146
79408
44363
76410
2344
78615
33424
33646
43224
15897
30189
10031
89311
75413
53205
78037
24591
4015
47220
80824
55117
6083
66439
31143
8976
68329
17041
63519
34860
6597
59081
83585
86606
24199
70134
41868
82778
70206
43399
64888
87063
81758
74097
79084
25351
79254
12279
20859
10086
89487
57538
49270
24532
26977
88040
34556
23974
4351
69357
84166
30374
9765
74295
57337
30551
10427
98223
79040
6560
48271
46383
46800
45870
76834
84580
51164
22883
19577
97700
76586
94833
22274
34353
89858
60950
40438
6644
83311
94162
6544
58421
88626
71141
88894
8564
40311
1268
39379
54990
75818
67469
48340
19805
76470
93798
40694
21700
24041
20608
82530
86665
2813
58847
75385
38334
22687
62465
37760
36724
92280
49373
64133
96917
47419
99632
50189
86674
73338
60936
75936
26873
20619
31293
84498
76793
66848
83777
1124
38212
50681
6713
70567
32526
88328
29384
66174
84884
90308
22766
33900
27720
15608
53002
88384
49712
32900
22410
6457
71933
14821
5392
23489
40971
45795
28074
8486
51903
35419
70885
61983
21264
17210
52923
68862
29766
98425
61978
1419
2218
57449
72598
80517
13819
39493
37046
23146
50948
11903
30125
90064
89515
31942
55022
68313
27951
46313
4584
12863
66627
58881
33178
59593
38656
295
17799
20872
97337
19844
32363
76787
26563
66284
25722
33966
14071
73813
53237
67534
8866
85420
27196
17271
81655
70707
28043
35376
4990
75309
23765
36606
77544
67387
70695
12345
74471
38481
50350
70659
22253
24770
41897
19762
65240
94226
33396
76091
25191
78910
91038
27554
9464
29748
33047
29814
56440
87737
34007
90555
3332
42218
97087
63131
4689
33885
31414
61840
66479
53694
95232
33228
80296
81016
33332
65212
63391
32617
91247
76084
31462
77967
40208
40194
62751
32403
8254
54130
83166
48419
96600
47620
87490
19626
46466
28417
6960
91702
33964
27788
57697
59378
87531
24907
75085
76211
24018
3662
87821
30001
75035
91573
54920
94893
16947
77335
52595
29417
58917
90953
5299
90420
36728
72596
75495
25708
14342
19514
73356
75575
20115
40340
2516
32606
12535
97327
82051
57760
44635
98315
65623
64613
10268
89866
52909
82904
42825
93630
6646
64857
42632
71836
22745
88212
32915
96334
73954
58491
84009
69850
27456
20208
74233
20405
87610
11409
87441
71811
66279
59291
8116
54094
76600
5550
99555
94147
7950
36669
59446
89083
4281
61554
30888
42084
21979
80561
13563
9238
53382
72385
61084
60898
42552
37820
93835
412
6932
29218
12892
55975
84679
72711
46
75729
81882
57018
98325
12563
19779
98699
45210
16499
74523
54320
24043
51438
4686
94571
12693
12727
81270
4968
31383
45656
78517
97731
45965
31160
22602
52439
66053
23828
50911
11497
88589
52991
65340
29083
20284
3154
17608
70303
87297
46503
66240
12559
72709
52064
11513
92794
4908
10762
88856
15467
70127
66331
66201
95985
82733
6235
6611
47296
28625
5284
69066
36112
82100
58544
14628
94347
6069
60549
64801
16346
83726
11772
50608
4622
15328
93084
79079
71729
40061
21530
56298
46990
52285
5660
38965
10245
99041
92089
67235
55525
43946
73952
44368
74554
38738
99081
65062
39012
3203
7670
40412
45564
38458
14438
7955
5998
67930
63496
99591
83092
9396
49307
60513
53440
22398
21422
94191
58185
98588
22626
75083
42076
32411
3259
11369
84938
31654
5149
4051
28892
9045
10175
56870
87065
65304
99575
91599
65676
71844
56647
95825
46044
94825
1143
26467
26886
3967
95501
46981
17517
71704
8025
15466
99343
4586
99666
14765
36911
46482
98134
61836
64566
2946
49315
48362
23465
3210
7697
36309
95981
45265
4497
55490
62832
48562
90409
34740
85157
12443
58077
59730
51158
68925
27831
65896
1775
66835
63320
64114
68407
69214
1729
71198
83291
21470
28970
22688
3239
978
43829
7978
7472
99580
984
55413
39551
11873
24819
62008
42946
43614
892
45367
25100
84539
27066
99292
97749
97252
61807
87034
6491
3333
28524
81279
84556
40394
23826
74697
48182
46941
34658
86720
73810
92796
11734
86542
88415
78978
99505
3986
75818
76599
16131
78405
85990
98589
15852
78076
5912
64240
2172
79067
15293
95190
37293
77511
73595
27791
31504
68456
7996
86553
54189
73173
52166
5968
74265
31527
87887
9022
19905
53425
78223
3795
79510
72250
1311
27365
99417
57996
2865
13346
35060
83223
44850
166
72995
93267
53863
94928
24470
43866
83147
23610
42007
53502
49530
44990
79554
39913
1444
68607
27719
70906
40019
10912
18340
51301
30199
52376
71234
21960
55850
44601
15877
1332
86574
55384
33073
620
97633
17428
46147
26669
18382
17789
44545
97981
69654
45839
525
39149
86704
41508
95206
47189
80468
86079
50569
35519
73391
10156
89542
84269
81548
95132
9594
40280
19556
51559
33225
78774
65406
85912
75346
37079
41061
92530
44979
25325
74291
29176
86317
92456
15705
41344
89236
57939
84317
94607
80502
58060
86393
33021
25941
39810
33892
43604
8178
16235
11073
89818
19994
27404
69335
52182
89759
8077
22013
35054
25439
23682
64313
28655
68256
15114
91459
55432
50253
26436
89438
99089
57479
5624
51712
85093
51028
16715
87719
14725
38158
77991
17934
69841
93608
9899
17252
44754
74251
45342
47406
92251
75454
42436
79273
49988
5571
64181
