100
53867
8220
87103
39303
38300
19659
69907
6814
13258
62020
88731
25672
48132
80968
81292
23128
96205
8600
55097
46954
97513
69685
7851
19316
1150
57023
10807
25431
79460
16043
75492
79949
24906
70380
27754
6655
17346
76279
34416
31365
3378
15476
23324
73923
50512
98904
94335
78617
44891
8804
13424
10294
6795
68508
17001
22316
3610
58529
96281
47820
42176
19723
87733
80339
74910
22102
99155
70587
13672
37089
63355
69150
67390
24074
18960
1522
20534
11222
85214
99987
46400
30616
77078
24556
60708
52983
38749
89389
86414
16907
58671
7475
27645
86464
75437
72493
96134
81703
63729
37547
