1000
51243
82033
49587
34275
7523
60804
22667
83004
91660
69418
47080
48132
99311
50647
81909
23567
97287
15202
95374
67962
60457
51694
49482
41778
60308
64818
22411
90426
88201
97603
62987
6487
96879
86673
62867
1790
14574
8708
41358
55566
55064
85375
3279
46493
29040
18946
75789
12357
65524
69348
71792
91325
59994
36762
40399
59079
20286
1924
3150
27169
18097
33632
45913
37401
8834
47813
90124
39898
91039
7584
86888
97166
9465
47285
27556
6566
40279
399
43381
64826
3680
50222
25294
60590
35053
57210
78915
70763
53002
29289
36028
70026
82674
80004
21941
28474
64322
78935
65542
52761
87544
46909
33738
67472
55325
54321
31184
58973
17700
43890
96608
27575
47684
95814
74902
76669
23904
16220
69643
34449
78326
20704
97601
47851
28157
44305
80318
4253
57136
40636
27114
55415
31417
76718
78560
73938
42684
19406
19155
36512
48472
44162
99125
20144
52214
89727
30430
70783
48581
29654
27637
99550
43224
30553
9162
37621
85808
73119
35146
49259
19999
92905
41510
31469
62036
1135
61730
71349
4223
51741
15842
84896
14080
78914
51429
89592
96928
43068
34369
94545
26537
24142
12614
24707
69762
86309
28319
68277
42062
8676
6150
26822
32324
97287
79621
78416
40837
46960
10978
63457
46966
97485
83380
47101
72630
65560
33789
62147
10222
84464
97612
61417
10297
85258
15890
77784
36092
1446
59664
92284
36771
33022
99026
45843
90549
30948
82072
46127
92121
65292
72755
81469
51458
72144
55369
18880
1190
56892
47227
45059
3592
18269
45451
68192
3068
86308
12531
47498
86016
27120
85003
63540
67875
91255
97145
9545
20563
65404
33309
56683
38891
99410
61681
6576
5988
17186
87338
21183
6229
2026
49957
22274
38153
24774
33216
97081
83426
29848
46475
73853
41111
65282
96472
71095
85801
37656
52053
52982
82664
2798
63985
89005
4270
61760
56797
44542
89922
44764
67420
43499
42804
70471
90802
69985
7097
77948
82732
77156
8714
72717
21585
47106
56269
28396
77764
59893
2420
92854
14652
24104
7999
54300
30030
26196
23111
78707
14435
78065
5870
55663
51871
97628
38972
15388
76883
76480
50604
2641
88980
27941
23024
6556
739
27200
26926
75289
68348
18708
33425
9161
41455
40541
59779
19675
54072
60871
77566
86332
14056
14475
59686
52888
96622
95306
14447
72300
52401
94155
54103
83437
83778
21541
52579
55609
75458
95493
56351
48647
71064
21213
92969
94156
12356
47485
11573
17530
42186
80839
10484
54596
48409
57882
26162
21671
76323
97517
70060
50510
57218
83846
61912
58096
90192
43585
96779
6547
14778
15593
5104
77826
68660
16234
88304
38353
76112
22569
91837
88770
91497
50663
5009
11821
81015
52040
54624
17230
47007
45050
93698
58714
12203
7606
90813
28846
27346
6548
48646
38775
92384
84033
44803
65676
8714
59805
71819
69115
29869
57236
40776
70739
12069
3013
75670
68449
26238
65653
20339
3924
57181
69325
39154
91183
72199
83385
5806
69134
46701
53757
20318
60551
38301
69858
14383
83615
3553
27136
11640
79441
36016
15997
45719
75525
79370
20521
31359
80129
53729
1397
16570
74812
26299
76301
38499
85193
91523
48626
11409
72243
48533
19202
75974
33459
38520
4548
3178
49839
99496
4604
45373
20651
29895
62241
1713
72050
73604
86765
38488
86979
28741
81864
13234
40709
33387
12181
504
72799
32692
40495
36883
41211
21123
47051
12785
20493
38910
84308
48704
79241
53435
2229
1956
26104
82617
32807
73256
76988
46225
287
5585
93973
75885
39320
74133
94413
13159
79798
89435
63483
46759
73551
63977
47119
14421
1713
24058
32657
84260
6977
1936
44962
24179
2267
56690
13444
63258
25296
93326
77741
85496
94286
71733
48950
22964
87788
68828
32900
11087
12758
85363
69220
70568
47374
3795
44357
56951
30824
91684
46913
36784
6973
62000
71398
29695
23243
75269
26959
96557
64048
68823
92927
62506
52382
9107
53870
47151
73055
9370
36859
39402
27750
85195
20019
5441
35531
41806
84545
71667
87587
90607
68550
37614
72870
8675
62393
2234
16398
25031
8448
5175
25810
49292
91045
42871
73374
60505
65447
6056
22146
38159
34384
43359
80556
96125
44032
98997
22158
86669
75014
45251
68266
22754
94294
70473
65690
85553
42753
40818
16181
90326
79932
72381
53864
76666
28212
23397
89036
3172
16280
24383
74533
71186
78617
2096
77936
20574
498
44738
49745
28798
85783
25424
88708
24577
49858
83301
36288
26392
59150
30986
58944
89065
59094
99713
46759
35735
94581
38401
10980
77117
48841
79732
39507
12471
6621
50102
97781
39553
74636
16717
38470
480
3226
70051
9446
53857
81609
77786
1453
54766
47297
19097
44637
65720
17451
62258
97843
33191
57918
29674
49616
66985
91535
38644
1923
86257
21570
93352
54342
42646
13338
83779
74704
59713
66233
9234
91623
38630
83783
17293
31267
49456
53253
23359
86668
40644
6612
89816
21515
51034
57841
72783
17095
27032
26399
33444
32103
22737
34578
32173
58935
71449
40420
14214
59589
33758
53418
23359
4597
87246
38114
79807
46985
29528
78934
19217
24505
34328
90178
6698
53059
49685
24396
12676
7964
25386
82315
64028
41162
19785
4531
95496
85094
38219
71377
63292
44840
48931
3978
52930
42478
82623
63519
71711
99745
58874
82156
13989
90538
6811
21991
53145
33994
33091
63125
91198
78
66860
59640
90403
52644
37759
79551
2974
21001
34670
40845
13303
71060
66802
85428
53210
81549
42834
78885
33555
91370
70703
14353
7063
95264
15855
81357
84861
16315
55634
1245
3831
82281
55792
18240
19216
73196
71815
97324
75261
97319
5617
97570
40395
84614
87455
7289
78095
97865
31620
37358
53662
56303
94492
75701
43663
39954
94992
43935
59276
23402
5124
70765
78270
73107
88061
45222
92254
14896
14806
61922
54253
59630
93664
8328
81566
74381
40487
10133
49630
34895
66034
36758
42916
97418
45781
59486
94975
89818
4890
22435
59073
6161
37246
47599
23361
41082
79427
3601
40883
93144
92996
1303
60716
99310
54008
14755
9279
44454
80886
27059
48605
57082
5296
91829
63833
26648
4971
57024
47640
61101
44729
12352
43570
91005
76046
46524
57324
32949
28690
82296
44733
76481
80178
83599
39597
72250
66864
3148
90060
38482
63533
38853
87260
55946
27303
92297
48433
72143
13992
77351
4138
71410
86298
59499
49790
866
27033
68606
96699
13785
50144
71901
53202
76177
