100
22834
43852
34546
88325
60054
9907
83003
86456
36971
55709
12813
68824
72101
3780
13180
47982
60656
52525
66647
8549
84401
92445
26812
55020
14063
96784
31855
2541
30986
83215
53866
31057
85829
90235
91962
29012
81319
9904
57510
96321
73383
61288
48005
82534
23714
36028
68055
88706
48642
46498
66154
56924
60533
43560
63838
30689
11172
87108
62970
7397
4812
59146
745
53861
77946
90698
64183
19124
68031
19617
32455
32042
52953
25615
94005
96665
82849
3534
31603
47979
21906
88311
51048
67084
60716
6460
20428
67374
75492
47172
80827
68075
78131
18446
54087
48285
56691
61007
11838
52565
