排序实验②: 不同输入规模下比较次数
       n           冒泡排序           合并排序           快速排序
----------------------------------------------------
      10             35             25             19
     100           4935            537            650
    1000         499395           8723          11668
    2000        1992895          19403          24868
    5000       12491172          55089          72696
   10000       49974294         120335         164022
  100000     4999503015        1536268        2103220
