7000 100000
91 888.11
18 778.74
30 208.46
66 719.66
88 499.85
71 118.04
93 519.64
27 888.34
56 845.98
48 809.55
11 495.87
38 582.42
53 127.01
67 631.34
75 297.07
56 483.22
60 382.06
91 824.18
96 833.30
99 111.76
90 146.86
15 450.65
72 747.30
58 370.65
44 299.28
10 411.08
91 637.76
44 176.71
61 719.84
29 853.45
7 698.04
83 373.16
18 172.44
21 605.87
60 403.00
79 459.93
19 388.26
5 124.39
23 448.54
64 294.27
58 861.69
92 847.54
45 628.62
49 473.86
81 698.81
7 506.54
11 219.72
7 107.01
21 961.93
64 964.22
13 668.61
52 269.44
67 715.55
39 929.01
50 363.65
44 142.23
3 291.18
63 945.03
35 255.50
55 496.65
75 733.19
86 408.43
97 488.14
56 306.40
50 151.83
64 357.78
69 924.89
9 921.27
98 109.79
75 524.18
6 675.04
95 185.36
3 716.05
87 176.27
11 199.21
43 707.12
15 855.39
92 841.36
83 948.05
21 942.52
53 431.85
22 244.58
41 963.21
72 386.12
1 417.81
49 673.15
29 801.80
64 538.59
100 364.82
75 254.98
51 982.81
3 382.71
92 533.16
69 989.09
90 282.24
66 272.07
17 891.56
70 212.80
72 479.89
58 672.19
81 995.04
4 927.05
91 198.63
76 188.38
88 503.98
83 299.14
35 753.27
30 276.36
32 522.19
50 986.68
52 130.16
50 652.86
85 409.49
2 986.64
47 896.85
45 422.23
44 930.92
96 785.94
86 764.06
100 730.15
81 464.14
80 925.13
6 193.54
29 420.05
59 920.94
2 845.93
10 829.10
32 964.33
80 747.37
89 706.10
46 382.87
58 587.29
62 713.81
65 652.09
88 546.08
75 995.00
16 193.80
11 376.17
60 216.27
29 942.77
16 462.70
56 753.65
73 994.98
57 434.38
94 235.32
34 454.66
78 158.77
70 739.78
9 203.89
46 898.95
94 389.53
39 115.74
43 324.04
81 635.81
25 686.05
30 283.56
24 804.09
100 965.83
89 525.65
58 974.82
14 769.28
34 499.84
71 275.31
97 895.95
88 343.62
39 977.83
82 890.70
62 381.62
76 626.34
36 422.62
26 769.27
80 748.36
70 190.49
17 181.11
16 297.80
64 175.55
10 216.66
88 117.18
21 120.03
90 511.77
34 753.69
94 576.32
54 332.04
20 737.14
94 862.23
61 387.51
85 112.78
39 871.40
48 784.01
67 722.14
28 269.16
44 184.56
26 652.95
84 920.72
64 434.23
66 600.56
14 104.48
72 135.09
39 266.72
86 806.59
72 504.79
33 360.45
26 989.70
100 514.87
71 424.55
8 571.91
28 582.93
74 557.97
29 599.09
73 835.86
94 981.52
92 771.83
21 846.63
87 153.47
37 503.73
97 945.50
15 630.24
47 926.56
53 303.01
42 529.05
10 114.59
92 200.86
49 614.02
53 906.52
84 838.96
57 481.20
48 793.61
90 188.37
75 787.29
25 314.49
32 683.45
19 411.78
36 765.83
81 941.14
35 791.12
75 247.16
33 950.08
91 869.22
33 473.28
98 773.33
51 975.24
45 220.01
63 836.70
12 906.26
6 387.55
76 755.01
26 913.72
59 327.76
20 370.07
30 631.90
5 595.58
45 367.73
17 354.69
76 127.45
7 163.49
65 650.25
96 688.73
36 730.90
93 715.25
96 168.24
100 432.86
92 121.36
34 834.50
90 425.60
35 882.18
34 316.15
53 878.91
18 916.99
60 454.97
40 155.93
41 457.01
13 668.64
6 404.67
39 867.79
12 446.45
27 849.62
19 108.18
79 474.80
47 940.97
10 724.97
35 422.41
20 558.26
19 396.72
96 521.72
64 331.46
72 921.76
67 655.71
64 623.72
60 156.09
64 364.62
26 368.07
82 378.06
49 593.21
34 438.94
19 586.56
42 244.88
70 715.01
56 870.68
41 428.42
89 504.13
36 856.03
55 204.29
30 137.60
75 668.98
89 573.46
19 513.01
22 658.62
31 293.15
31 936.90
58 218.39
32 399.05
67 692.28
87 605.36
1 778.68
86 194.68
48 902.75
45 731.81
67 209.97
100 916.69
33 203.99
52 714.71
80 548.67
55 343.48
81 680.02
96 935.26
62 788.88
38 760.55
50 387.48
75 936.28
43 781.04
44 813.52
96 333.47
61 887.43
24 188.34
83 700.33
44 234.91
74 987.23
39 206.35
82 320.18
37 828.94
24 137.06
93 206.26
68 501.65
96 583.84
95 396.76
39 901.23
85 714.44
97 533.65
11 733.50
100 817.97
63 668.80
10 900.93
95 653.02
35 798.26
41 785.64
41 641.07
13 647.65
74 690.10
77 509.47
34 101.54
28 762.21
44 604.22
69 993.26
24 148.74
36 396.64
37 467.10
54 543.83
89 951.71
4 892.69
53 843.71
81 863.86
100 309.68
2 301.49
26 836.95
62 601.59
4 411.21
43 956.14
40 364.41
14 869.77
37 411.98
75 231.88
61 510.77
38 546.43
71 951.72
51 680.54
48 831.29
28 161.45
63 430.37
40 739.92
79 809.01
67 666.54
50 313.65
16 855.56
23 104.84
90 422.53
78 456.18
80 751.87
71 697.26
49 407.60
13 493.29
29 148.90
39 658.08
61 615.81
99 775.46
80 545.38
93 211.94
50 275.09
65 642.71
64 997.63
50 278.56
90 467.38
22 509.97
83 656.51
49 755.96
100 871.38
83 671.98
7 873.30
20 574.38
10 523.22
55 138.49
28 392.35
77 347.06
29 582.25
40 622.11
100 964.48
89 493.82
94 361.54
95 513.97
67 680.11
21 668.83
27 494.95
50 339.74
81 906.17
73 525.05
62 391.82
47 358.86
32 691.87
63 446.34
1 420.53
2 628.79
6 343.32
52 791.34
65 945.97
51 541.43
86 683.23
18 776.72
84 412.68
16 160.65
2 201.09
52 238.57
82 628.88
90 512.04
91 270.16
20 396.76
92 977.57
64 364.77
83 718.41
93 691.97
26 851.25
39 873.06
93 685.82
86 696.90
87 143.42
13 985.29
92 537.30
88 451.83
32 852.88
83 387.33
37 197.04
19 942.86
91 856.75
60 429.11
57 756.42
72 932.41
69 405.01
39 661.03
87 902.79
86 607.38
41 764.03
14 953.46
26 990.35
16 967.70
94 391.00
82 866.29
59 188.76
56 595.66
64 513.23
4 495.36
20 387.40
59 600.51
45 544.64
40 377.09
99 320.48
45 939.46
20 740.73
85 916.01
91 951.22
89 402.04
76 695.96
87 482.74
70 606.57
55 601.40
27 728.32
38 904.20
76 263.50
20 190.06
40 578.21
28 436.90
18 216.24
69 128.39
82 920.51
27 832.40
19 457.85
10 857.45
16 517.77
20 652.04
11 454.68
1 342.82
84 243.58
37 513.21
59 212.04
56 258.53
51 586.42
39 522.20
12 871.31
100 308.94
65 756.25
64 299.13
66 965.91
52 773.13
35 182.55
88 266.03
90 130.18
75 869.85
70 344.18
21 420.73
84 526.15
26 137.99
61 648.16
87 958.22
91 545.80
55 794.66
97 801.65
28 288.11
87 738.00
86 885.54
33 258.86
49 121.23
12 793.01
59 550.08
7 100.56
11 442.38
92 374.03
41 629.20
13 988.54
61 612.76
38 318.33
97 342.07
83 128.63
52 907.32
68 702.48
48 869.88
35 869.71
96 195.89
6 753.24
24 502.31
94 957.44
25 487.84
65 433.93
19 428.45
42 968.70
92 999.33
91 798.58
94 868.58
87 379.34
91 522.27
43 953.13
75 196.45
45 897.13
27 636.99
75 154.18
69 357.17
42 634.97
22 422.25
47 152.55
17 708.25
30 460.82
60 808.56
10 827.44
45 301.18
41 698.57
10 257.46
38 132.36
94 636.40
22 457.67
10 394.49
90 485.74
83 988.65
98 289.73
30 670.13
34 929.90
9 853.87
11 559.66
13 835.32
38 341.83
19 842.35
19 724.42
32 260.56
12 683.14
50 336.31
73 581.49
34 407.34
20 893.48
95 739.03
33 905.83
44 476.61
68 198.11
21 213.08
37 556.67
99 269.51
65 834.44
82 990.49
51 498.80
83 851.63
3 266.27
98 985.63
9 443.12
69 397.17
45 117.26
43 587.73
58 521.96
26 703.00
8 392.41
90 761.13
10 420.34
81 326.00
73 208.46
100 358.98
76 204.01
68 175.46
22 508.26
65 523.40
59 923.61
61 115.55
90 659.10
64 212.30
20 346.21
6 204.65
52 673.64
71 948.06
22 799.38
32 592.73
36 533.09
6 739.85
68 326.97
14 660.30
37 978.85
12 854.87
48 554.54
66 630.06
1 807.69
28 316.71
58 281.19
63 577.78
34 945.61
16 120.58
4 984.30
62 104.94
38 784.58
61 926.38
94 665.44
38 974.17
15 514.16
41 242.03
62 139.14
76 359.61
45 186.28
55 233.78
83 611.01
85 921.83
70 695.14
48 383.71
44 398.55
9 502.67
76 155.46
92 398.93
49 793.92
62 153.86
33 375.11
38 866.41
7 746.91
99 621.57
3 801.97
3 314.19
40 175.37
39 872.15
100 479.68
5 308.24
15 384.69
83 557.67
37 957.15
99 900.56
61 927.60
1 621.16
75 360.01
11 693.07
45 949.12
17 123.27
15 560.72
31 872.83
10 344.65
50 402.36
62 567.12
89 348.21
26 575.91
89 306.85
50 376.89
100 939.50
15 335.96
54 112.20
51 978.34
59 479.71
97 485.90
12 319.39
89 804.17
48 776.66
64 727.72
59 942.86
6 330.14
38 560.29
70 882.59
7 314.84
61 784.05
10 622.30
22 155.73
52 584.05
48 165.80
38 764.24
30 917.92
14 579.99
71 950.68
86 706.81
4 227.96
87 570.58
44 111.18
28 464.77
17 216.49
25 823.53
74 359.57
90 457.48
37 385.09
6 582.51
55 272.39
39 963.45
5 278.71
5 899.77
27 864.08
39 422.45
58 851.40
65 545.46
36 835.31
19 902.93
10 538.72
17 180.78
69 496.41
63 605.22
9 188.51
94 339.68
99 902.49
24 656.81
57 807.64
41 220.35
47 223.83
4 625.04
9 201.93
38 287.37
15 197.10
23 761.13
57 915.15
61 719.63
62 621.90
32 531.27
42 394.58
46 645.53
12 425.98
94 587.71
36 735.80
51 885.66
19 221.71
11 742.43
23 839.11
59 389.92
77 151.35
12 715.71
11 485.50
97 607.72
77 692.53
84 660.56
52 486.43
7 280.64
85 405.92
54 860.50
27 571.03
57 901.37
61 567.11
55 865.67
71 198.45
51 127.61
62 974.21
98 713.24
15 241.11
8 238.52
26 694.84
5 564.04
32 804.22
19 465.57
90 461.15
17 223.77
49 284.07
86 607.18
75 859.15
59 852.97
17 837.50
10 658.16
90 735.85
97 418.87
60 992.19
72 682.58
67 511.52
42 286.12
16 332.56
13 843.20
46 504.04
37 214.04
70 862.24
24 114.06
79 412.47
19 217.67
54 132.64
86 566.10
58 319.30
72 906.09
83 796.21
12 100.44
24 995.41
39 244.00
70 937.42
93 232.37
81 751.20
34 412.78
16 328.08
86 882.70
44 992.33
82 676.73
65 778.52
94 855.72
52 555.60
76 119.25
45 290.82
98 243.39
24 784.10
51 832.01
77 617.47
58 810.25
14 780.80
60 131.99
70 624.78
88 905.19
18 911.01
73 731.71
67 727.69
65 857.58
82 855.08
18 242.28
55 714.95
27 808.31
96 755.44
13 656.32
5 954.10
20 753.54
17 482.39
82 637.14
9 236.81
15 441.09
25 472.72
26 827.55
93 143.91
66 974.57
17 863.71
10 137.73
32 277.93
7 894.44
17 864.41
80 839.76
75 635.90
63 135.81
6 849.57
14 464.08
13 956.30
51 254.93
58 136.46
12 854.31
66 655.47
61 269.60
48 391.96
46 710.61
47 676.74
1 339.90
91 365.26
95 246.27
54 237.60
94 947.11
54 346.71
56 840.60
51 682.47
43 150.57
95 815.83
78 810.68
88 477.85
16 549.21
57 974.27
62 114.30
21 769.14
89 246.67
27 847.59
80 563.46
42 564.29
53 187.99
33 694.99
34 350.84
97 124.34
53 241.22
67 356.76
53 503.62
4 649.54
80 219.29
75 138.05
6 653.92
9 170.26
85 490.63
47 664.14
7 381.42
50 545.06
59 664.89
78 744.90
38 687.90
84 700.17
65 681.65
38 636.14
73 507.86
19 757.15
96 503.04
86 465.09
20 946.98
75 156.26
43 105.17
38 419.89
89 689.21
76 286.60
100 900.82
22 330.94
13 610.54
17 645.90
42 806.30
39 219.24
75 802.76
18 379.26
36 838.53
84 448.47
20 275.32
6 337.43
100 651.97
41 732.47
82 139.14
6 388.90
28 849.00
79 328.99
93 453.69
2 825.53
38 789.16
72 743.94
38 876.77
52 476.69
20 178.48
66 937.02
64 422.43
12 904.36
100 200.49
57 725.68
81 846.24
19 281.55
30 798.23
13 724.52
20 446.65
93 209.03
50 474.49
22 598.97
46 908.48
11 396.58
72 370.68
87 282.70
37 390.15
64 310.39
65 623.61
54 894.99
89 903.42
93 558.28
62 923.04
35 148.03
68 855.05
13 476.71
46 239.22
26 903.33
96 186.05
12 346.47
33 677.71
5 833.87
44 293.27
29 473.45
69 272.09
7 194.32
64 421.36
43 666.85
1 402.12
63 844.49
13 691.52
47 570.76
77 835.92
41 988.39
46 703.24
46 999.20
48 250.72
46 289.51
21 554.43
8 479.68
66 477.10
16 909.18
78 548.80
23 369.13
55 237.31
91 597.24
52 642.71
26 374.38
3 899.24
24 257.08
82 182.60
70 311.76
20 270.40
17 991.23
57 274.07
15 515.03
29 892.81
15 565.27
57 662.70
60 517.85
77 411.16
34 554.16
19 787.88
22 428.13
6 663.81
54 276.96
53 599.97
96 579.19
15 468.88
98 183.93
45 595.59
93 427.75
94 873.81
80 554.08
67 426.05
51 111.42
85 992.52
98 437.76
65 810.59
77 844.33
59 515.54
4 490.07
73 577.03
7 854.03
10 362.09
17 746.37
73 891.94
46 276.99
22 735.49
58 885.74
28 836.74
42 128.92
64 940.15
20 568.60
29 264.83
84 556.15
25 215.26
52 927.13
7 816.67
12 865.32
58 876.10
5 572.84
51 118.57
29 317.12
75 962.20
79 995.14
67 616.10
54 434.57
66 729.06
6 102.18
100 811.06
75 989.14
28 753.23
62 800.00
25 140.08
69 571.79
28 813.31
46 526.63
93 257.39
30 995.72
49 643.67
45 926.75
32 876.02
74 303.32
52 161.97
4 971.15
84 192.59
44 709.96
67 115.36
22 473.03
65 766.52
98 137.54
94 267.59
65 306.80
61 529.44
99 179.51
70 785.43
62 291.15
1 982.97
25 488.05
2 198.92
32 228.03
47 925.46
59 938.57
69 664.56
92 921.60
42 325.30
39 238.61
57 774.40
4 262.93
9 507.15
8 991.18
88 597.04
37 603.02
43 617.15
26 248.20
46 211.77
13 236.76
83 235.67
80 183.58
16 820.96
75 348.28
82 968.83
34 116.70
29 457.73
46 990.17
73 860.99
45 529.80
85 681.25
62 959.81
81 392.20
33 968.68
14 429.08
5 845.45
48 394.82
55 912.23
63 964.96
80 663.76
40 283.31
67 506.63
69 755.29
5 709.07
69 262.15
48 494.34
97 916.00
53 408.11
46 683.72
55 102.27
32 216.83
27 477.11
19 975.50
27 860.53
37 929.53
66 160.84
17 786.58
93 843.63
89 954.95
57 325.57
31 913.96
33 829.03
47 267.08
68 746.95
27 609.38
48 968.04
74 739.71
11 796.86
43 918.39
57 838.94
13 619.19
97 282.73
83 676.14
85 913.20
20 347.47
32 716.17
17 464.80
3 312.01
14 193.53
78 579.64
41 748.68
33 332.46
99 222.84
45 352.84
74 720.73
71 204.77
46 347.82
59 634.65
61 658.07
24 720.71
63 834.46
17 235.71
69 533.02
65 414.89
28 820.28
52 399.82
67 677.33
33 559.74
26 504.96
61 125.94
91 382.79
66 714.75
21 827.25
33 542.59
61 114.97
27 722.46
42 935.36
99 383.24
8 526.39
60 664.38
55 122.35
23 439.78
65 634.59
9 152.86
74 442.18
48 242.74
27 391.99
40 526.71
82 827.22
50 877.51
7 735.29
43 197.82
41 713.76
93 226.35
86 535.21
11 714.77
84 706.32
77 589.11
96 271.46
18 840.31
78 929.86
89 132.74
53 520.77
60 900.75
5 597.96
37 725.86
38 778.07
28 826.18
92 344.37
37 583.36
9 475.63
84 354.51
20 951.39
100 215.01
61 464.80
44 286.04
26 398.86
91 873.75
4 298.75
56 448.88
74 612.41
76 410.76
37 938.06
33 444.83
65 581.96
8 210.69
22 920.02
83 858.44
94 921.97
24 149.76
62 907.60
23 383.81
70 815.48
15 585.76
51 345.60
22 424.63
2 821.65
70 803.13
58 936.44
63 888.84
16 866.10
56 487.65
76 828.36
61 730.80
15 185.00
92 972.19
84 347.77
66 530.64
93 688.57
92 537.65
52 213.81
71 806.92
100 400.72
20 684.18
64 545.25
93 563.76
54 487.87
83 349.88
100 441.06
42 228.70
52 182.69
65 656.52
38 440.60
21 668.50
86 731.55
2 316.68
32 141.64
61 853.36
41 883.26
98 117.90
78 910.78
11 334.06
90 142.66
2 575.89
64 956.40
41 631.85
80 493.88
33 743.92
85 195.88
94 902.40
24 135.14
47 334.18
31 642.91
41 353.78
69 415.90
51 354.31
84 539.62
68 442.91
30 857.67
82 327.23
17 127.97
65 817.06
18 751.54
81 127.08
76 819.96
51 258.67
75 598.36
72 960.03
75 995.12
44 572.37
50 566.65
55 718.12
26 657.95
24 623.73
16 205.77
25 108.02
46 517.71
57 489.16
30 426.06
44 597.22
81 163.74
12 867.32
49 478.01
2 863.71
38 800.06
95 919.51
18 773.23
39 781.03
95 407.20
6 151.55
45 959.85
53 544.38
43 585.59
23 756.53
67 974.15
55 354.71
60 835.62
100 345.92
73 558.05
36 459.80
19 611.01
19 706.54
52 872.33
41 904.89
67 251.58
37 616.23
62 332.83
60 500.31
40 450.19
42 618.72
1 234.12
64 455.48
17 610.65
76 845.33
15 579.31
11 596.12
22 157.36
13 191.42
73 151.79
31 655.71
77 745.27
28 943.18
55 256.69
59 837.27
46 148.08
50 315.20
69 439.26
36 882.99
50 728.26
40 437.60
8 334.65
46 238.58
21 209.27
65 177.99
18 945.46
98 855.21
19 502.98
54 831.46
78 388.90
92 479.43
58 493.43
83 647.77
87 770.92
100 230.12
10 548.87
93 660.02
34 349.28
86 715.23
26 859.15
5 547.53
34 471.30
57 273.86
80 776.23
69 277.03
1 230.47
35 826.84
57 450.98
96 739.79
26 483.91
44 503.48
42 529.17
37 192.38
57 355.77
35 466.01
6 508.47
47 334.94
5 353.99
82 194.41
1 806.12
11 972.60
6 757.85
87 164.38
98 547.59
51 443.81
11 870.19
39 208.77
12 301.88
84 268.26
62 359.44
98 921.09
39 878.46
99 479.89
8 545.19
75 191.05
68 980.85
1 257.73
55 385.92
61 305.34
75 587.82
75 944.56
87 935.06
37 138.84
58 748.53
37 183.95
12 393.57
75 855.94
94 180.31
14 531.87
86 432.77
92 330.94
25 817.71
7 605.01
34 225.82
18 509.69
68 789.61
18 798.75
21 443.13
18 175.25
84 984.84
32 112.66
40 208.89
22 521.12
82 773.33
5 187.64
41 284.07
80 570.08
11 902.39
13 842.09
33 610.50
45 435.76
58 198.34
19 361.07
29 909.59
100 492.41
96 442.77
100 918.90
7 560.99
39 777.36
35 543.29
65 885.65
46 743.79
83 858.76
66 853.26
85 551.10
33 869.64
45 266.10
89 240.05
2 236.65
89 517.77
100 916.41
57 227.33
1 746.61
23 133.34
76 131.22
88 866.51
13 925.23
36 231.10
38 277.36
73 783.18
37 841.69
80 199.96
84 590.89
73 655.10
53 371.75
21 516.40
15 753.79
24 905.90
80 485.71
99 336.14
6 188.17
18 526.39
88 630.82
5 941.76
72 743.19
80 302.90
44 867.67
57 664.15
62 637.52
89 969.94
88 133.77
56 462.75
15 923.56
94 982.64
38 588.40
62 790.60
78 645.19
48 756.94
68 561.80
93 295.00
14 205.77
21 142.92
84 544.47
48 989.05
98 551.40
17 437.65
55 535.29
22 910.10
64 405.57
56 130.54
9 585.77
29 859.58
13 954.22
29 556.95
7 339.37
8 182.08
77 869.78
21 645.55
98 769.87
16 522.85
4 194.97
13 661.27
37 223.13
62 532.45
13 996.24
4 504.85
28 930.40
64 406.61
97 745.51
45 501.94
22 863.06
8 841.72
85 287.71
23 610.17
45 357.83
98 558.89
88 457.89
1 818.35
39 105.64
49 757.27
60 324.78
70 528.91
85 367.36
46 840.29
23 905.11
97 928.97
72 631.69
17 849.23
63 239.34
19 611.88
90 581.33
38 617.28
18 189.61
10 433.03
71 683.00
87 927.89
76 411.85
36 138.97
15 490.42
24 947.99
54 275.87
74 661.30
31 533.32
37 429.26
70 726.63
79 271.22
15 765.36
15 422.11
28 283.56
89 768.60
45 327.61
22 617.47
26 547.93
92 143.58
27 304.56
46 244.03
54 450.82
94 639.44
56 163.54
89 758.80
76 537.86
65 880.03
17 158.94
58 195.22
25 606.14
14 245.65
72 551.17
64 890.27
72 688.11
84 903.12
66 497.18
55 228.95
97 287.94
32 570.57
94 858.92
11 979.07
37 414.59
17 732.93
39 994.79
19 443.31
14 999.94
23 972.13
57 485.34
66 516.36
94 123.90
25 413.66
45 811.46
22 198.81
55 352.43
60 195.46
14 195.24
88 577.12
98 508.29
60 557.85
3 811.94
31 251.41
83 189.97
33 487.50
55 439.90
51 379.20
74 341.77
63 435.64
3 107.77
38 664.62
74 612.74
52 543.70
28 985.05
42 381.05
60 889.59
45 292.03
69 249.90
30 271.39
52 355.68
21 427.50
43 899.51
85 906.83
94 672.57
37 615.35
77 889.89
11 956.85
14 886.77
69 956.69
5 498.86
25 644.52
92 177.69
16 111.03
51 661.21
28 857.98
39 878.31
82 872.86
68 164.90
76 524.59
93 729.82
86 212.98
63 848.92
62 802.42
55 473.79
95 980.16
57 931.89
19 942.29
7 883.75
6 560.41
66 787.54
31 762.50
75 487.88
9 381.74
35 918.02
25 743.42
79 480.54
78 895.00
69 426.06
67 963.43
59 771.97
95 132.82
5 187.49
55 267.93
89 690.81
50 891.97
4 348.02
60 924.85
17 818.23
97 708.57
7 541.79
40 555.69
16 187.31
78 709.07
24 490.38
60 869.06
39 505.36
65 542.20
35 988.21
54 693.21
91 277.49
73 109.51
94 202.87
15 466.45
71 486.10
44 472.92
26 440.94
51 515.59
48 962.59
16 840.95
25 673.71
48 297.87
99 289.89
70 756.00
46 202.67
19 354.85
87 918.04
71 911.13
33 961.77
52 216.02
82 568.48
49 460.19
38 219.70
79 194.76
16 707.36
16 507.62
72 720.19
100 130.83
96 858.03
18 403.88
51 538.88
74 561.70
54 328.35
52 294.38
53 893.75
23 289.22
20 662.75
93 820.25
79 553.62
1 186.50
46 750.07
33 303.82
76 126.35
67 633.41
66 990.73
18 617.22
32 286.05
94 511.99
21 149.26
8 781.07
20 108.87
60 401.99
74 562.84
15 885.88
100 805.66
80 297.57
17 734.52
56 485.13
34 813.05
4 126.19
86 967.88
34 169.50
83 634.40
41 515.81
22 434.37
7 965.74
16 445.72
43 114.93
57 887.41
62 509.52
17 162.17
89 676.30
60 549.59
75 714.89
94 742.70
1 467.77
96 293.44
8 742.40
76 381.61
76 487.59
26 454.59
84 774.41
9 794.23
13 296.94
46 797.87
100 458.12
61 556.60
71 157.22
15 698.66
53 782.89
50 454.55
89 716.92
52 936.17
100 312.09
62 768.98
22 932.40
77 236.96
100 615.66
14 800.69
94 192.86
90 604.88
64 922.22
27 825.94
82 924.20
66 666.81
63 218.05
43 597.28
20 574.27
46 577.15
94 216.58
40 950.47
66 167.29
46 371.78
35 768.95
8 823.59
66 640.07
81 396.72
14 310.18
91 575.78
76 952.29
33 321.37
35 938.15
84 815.43
86 644.72
13 224.46
88 769.08
3 412.28
30 141.17
85 767.18
2 423.05
24 873.17
63 616.80
79 936.89
32 542.58
81 834.64
92 269.51
88 422.19
93 870.87
77 637.73
8 616.04
66 445.80
41 992.23
3 362.18
82 681.55
61 150.43
79 690.41
60 370.30
34 584.57
68 434.26
27 798.73
1 802.99
56 954.00
40 280.09
46 265.12
28 920.56
30 216.05
39 588.02
88 118.00
6 335.91
7 473.24
67 423.99
49 901.12
87 824.44
11 437.29
59 698.72
7 410.68
50 783.92
15 886.79
20 207.68
95 884.95
61 160.68
89 201.49
18 209.34
87 322.21
10 762.41
89 553.68
27 747.46
26 533.92
10 270.56
3 981.75
60 833.82
97 557.96
85 617.90
31 517.38
18 136.05
10 877.23
64 170.79
86 570.99
61 965.48
53 119.90
23 283.44
17 435.52
80 836.84
11 312.39
6 321.92
70 525.96
84 212.29
77 702.97
75 614.95
60 639.80
99 792.65
25 627.93
31 443.27
24 696.27
49 647.52
39 173.15
71 787.10
84 526.88
20 422.26
60 944.67
87 159.60
14 506.72
94 208.47
2 401.59
39 307.05
97 724.01
9 197.12
1 743.47
16 207.77
61 709.68
49 723.89
7 117.51
100 682.23
25 211.25
28 660.47
21 768.46
31 121.53
76 237.09
34 319.60
51 302.05
78 981.52
39 727.56
75 608.21
49 816.50
42 669.68
3 311.52
33 675.34
37 494.39
92 730.71
28 684.22
51 633.56
45 264.30
89 622.36
4 856.70
66 974.12
3 236.14
41 300.86
18 668.87
72 122.19
73 319.28
36 254.92
63 553.53
86 797.28
80 168.48
95 170.59
52 957.82
89 564.93
42 673.50
15 883.28
5 290.75
18 666.84
3 954.44
10 999.93
88 406.32
41 432.93
73 548.24
8 674.54
20 156.62
66 677.96
56 777.63
32 141.42
55 227.22
35 513.57
34 969.50
26 580.31
21 976.77
74 465.66
34 842.18
16 405.80
79 653.21
64 934.44
15 133.88
30 426.39
6 641.76
8 280.58
1 185.66
5 437.45
91 519.22
49 294.62
88 981.69
10 306.00
39 718.42
6 157.96
43 521.66
63 858.27
77 811.10
12 965.38
2 975.66
83 339.97
34 889.38
60 972.81
67 879.51
56 416.12
26 589.61
83 502.98
96 312.12
10 666.80
17 755.28
68 353.27
68 637.88
7 925.17
55 346.32
34 565.98
27 466.47
19 553.20
17 979.78
18 477.84
36 721.82
9 612.59
50 547.60
86 825.40
82 386.16
23 631.40
22 358.41
52 822.15
24 139.73
12 457.17
36 417.24
54 863.02
15 787.70
51 696.30
22 912.32
73 130.87
67 124.98
33 355.85
50 723.81
58 777.91
50 875.69
18 384.85
89 771.80
16 683.92
1 761.03
66 102.90
30 955.83
56 182.79
70 583.88
12 258.05
95 553.73
21 195.92
31 913.21
79 861.53
75 420.76
94 260.64
49 981.07
91 390.75
29 380.62
26 139.66
91 870.38
4 270.36
10 220.20
30 109.36
46 859.37
75 630.39
59 227.19
59 249.41
61 816.21
89 781.08
94 269.62
71 372.45
17 484.84
35 167.27
90 776.80
59 313.70
6 987.78
5 939.82
2 445.41
8 334.31
75 391.42
53 730.63
57 298.21
15 845.24
71 592.66
4 458.83
46 281.19
48 367.66
15 492.57
44 413.00
81 324.96
12 577.75
64 540.95
15 366.95
89 545.45
80 179.38
39 311.16
87 707.89
100 923.24
3 157.01
7 936.82
20 944.00
56 637.58
91 270.54
35 771.63
22 313.56
30 131.73
43 917.88
27 718.85
14 864.45
3 415.77
99 101.54
91 280.68
24 395.15
84 525.50
12 736.74
82 548.14
74 242.24
95 398.35
11 172.92
69 176.51
87 943.35
64 156.60
19 479.08
34 224.82
84 689.47
68 568.38
20 713.75
67 504.16
3 472.41
36 783.12
31 783.78
72 605.18
75 222.15
62 646.11
56 927.34
67 344.35
74 967.24
29 232.55
53 171.60
74 288.14
59 368.87
77 176.04
28 598.60
56 144.40
23 496.78
23 693.38
25 339.99
30 291.02
85 125.43
13 345.20
73 392.93
54 977.94
16 596.41
52 389.38
13 556.96
13 447.54
13 705.87
11 886.76
34 949.39
41 557.90
79 382.64
90 195.38
48 152.29
20 260.27
99 757.43
10 325.68
80 851.16
42 923.47
43 993.20
44 377.88
69 994.68
69 762.00
98 121.65
15 838.40
68 502.65
42 246.54
69 416.77
9 557.06
84 993.52
75 250.16
29 957.49
60 878.22
24 591.44
35 985.70
22 766.57
6 561.21
22 278.87
17 523.07
31 458.39
23 248.25
60 578.87
14 405.77
81 107.36
2 985.20
20 976.16
76 189.27
13 975.59
75 932.95
67 108.99
24 577.87
97 826.28
1 394.72
78 176.16
27 707.63
18 402.76
73 935.30
33 973.66
29 895.97
61 366.07
82 821.61
80 405.80
81 219.62
52 539.51
69 948.24
10 436.59
13 245.40
94 414.21
98 413.88
33 946.57
16 785.76
92 902.12
55 219.98
24 836.25
92 531.23
58 174.28
13 462.96
33 196.94
89 374.02
90 374.35
61 409.57
63 390.27
88 933.05
5 143.84
82 249.65
58 380.82
79 513.21
70 260.78
40 133.08
90 263.29
77 951.24
25 163.21
99 396.27
62 192.63
58 348.03
19 338.77
5 950.28
92 446.99
77 612.46
92 542.62
26 814.34
10 247.27
30 784.09
67 204.17
31 685.27
8 422.24
29 392.55
3 352.13
75 890.11
9 601.83
57 589.17
44 621.64
36 192.23
31 545.57
23 738.63
96 685.09
65 678.71
12 635.45
36 400.49
59 483.86
81 576.48
35 444.07
11 806.46
10 625.38
18 698.53
36 670.48
50 506.28
12 746.60
80 567.87
62 166.95
85 736.90
88 728.62
58 868.05
42 540.61
42 102.05
97 564.81
3 497.43
74 328.96
28 905.89
58 153.66
69 467.50
20 592.95
51 408.18
80 876.52
59 908.80
66 464.77
70 155.13
84 860.98
16 519.53
100 987.67
80 579.51
38 758.04
77 207.91
1 598.20
45 664.96
91 857.18
26 625.96
67 881.73
76 709.86
18 881.60
52 873.72
95 456.94
78 760.11
38 405.85
75 353.30
65 476.47
70 600.42
17 533.55
77 301.66
41 724.17
4 961.90
51 914.80
8 946.07
33 391.40
68 426.38
13 682.29
27 855.56
57 256.13
54 797.67
68 376.82
94 998.81
52 561.94
68 492.93
12 606.31
56 875.50
24 453.88
31 792.04
28 684.85
76 437.98
77 741.44
81 240.80
53 136.48
57 460.46
45 402.18
15 269.93
97 991.99
93 509.97
67 603.22
79 293.44
85 746.30
39 616.60
3 139.31
40 296.78
18 646.27
98 626.20
91 188.40
59 362.69
45 194.01
59 516.58
39 729.10
17 382.74
60 413.46
60 159.32
49 659.23
6 365.41
86 494.56
12 883.88
1 771.14
55 560.71
1 972.13
3 477.19
65 511.71
67 621.36
78 906.54
91 626.52
37 571.81
14 823.80
65 692.14
27 912.89
79 252.76
13 789.09
35 394.98
6 396.26
24 170.36
96 624.72
51 661.27
39 692.80
57 215.10
82 699.65
61 420.70
21 938.70
59 512.97
39 887.02
61 304.93
34 919.55
95 992.26
47 290.80
69 739.02
95 761.57
14 950.39
51 436.37
78 943.38
56 998.26
66 330.37
30 828.40
59 534.19
37 979.59
36 896.57
42 517.25
56 249.02
5 120.46
79 965.88
61 768.65
27 551.19
22 732.34
2 731.99
93 961.04
7 357.81
13 740.52
2 917.74
98 364.95
50 835.26
22 229.14
62 967.34
20 969.14
65 926.78
39 145.12
43 710.48
88 124.66
90 441.95
85 384.64
91 955.42
69 513.01
42 566.46
27 345.19
73 803.76
2 235.12
61 716.56
97 858.92
62 166.17
68 649.88
54 456.56
93 779.91
39 700.83
58 702.09
32 119.43
67 694.16
59 502.35
6 265.61
1 848.41
62 513.76
46 420.77
3 992.38
57 391.61
29 567.98
10 932.13
76 433.22
34 328.49
46 175.73
36 675.50
45 728.46
9 218.90
49 641.57
58 934.84
63 541.61
35 316.72
99 812.03
86 894.37
72 508.98
67 149.84
99 511.37
20 669.94
78 118.57
65 872.71
40 951.99
75 247.44
52 358.47
79 597.61
100 135.05
70 983.52
73 271.16
71 892.37
12 380.08
63 552.47
84 834.11
69 925.07
44 629.76
75 845.79
62 560.60
39 174.30
92 406.11
31 514.86
54 643.40
20 359.42
82 953.28
11 678.19
71 959.80
1 282.85
97 428.32
65 644.54
57 534.59
12 335.16
96 727.41
62 554.07
14 162.40
69 549.79
43 875.06
92 921.18
51 147.86
51 315.06
41 721.42
47 192.87
61 595.88
17 211.50
75 779.32
87 309.79
76 841.46
76 316.71
4 437.61
90 559.06
9 396.76
68 228.29
98 664.37
65 700.57
82 993.29
33 608.87
50 376.69
56 230.40
20 813.98
28 223.84
3 966.37
61 641.53
77 653.27
4 566.26
13 403.23
36 670.69
47 755.60
32 702.57
63 407.25
43 413.35
60 519.87
84 765.57
47 387.04
44 629.34
85 212.06
18 701.70
80 753.68
91 913.60
88 641.86
89 741.37
73 133.68
42 671.08
38 792.27
86 677.79
47 721.44
32 929.93
9 620.16
15 729.81
98 354.25
6 989.90
66 346.41
44 949.28
100 390.29
31 741.72
58 806.18
22 401.01
30 674.70
79 308.28
25 875.22
50 587.67
2 213.52
96 796.66
64 178.65
15 335.17
15 924.52
68 899.59
56 274.11
73 144.84
79 862.64
97 513.51
43 472.43
37 182.55
33 607.90
64 331.52
81 447.22
88 462.15
28 258.58
35 685.70
83 605.33
54 145.77
16 518.05
65 254.31
61 436.03
6 248.91
44 176.49
65 229.35
77 154.40
19 461.72
34 450.33
98 567.85
80 455.12
44 633.03
89 437.66
23 172.32
75 317.65
91 666.01
73 372.57
54 117.35
24 612.56
90 289.97
21 330.16
91 833.49
1 746.42
20 230.84
80 220.01
33 387.72
13 649.38
71 893.48
69 148.46
25 811.54
37 979.48
12 103.63
14 851.16
89 664.67
98 971.09
69 196.64
82 928.08
22 495.01
39 406.19
40 844.31
58 532.50
4 177.72
57 864.16
36 288.81
42 175.02
24 362.21
99 397.12
73 129.89
56 446.76
97 511.68
23 877.08
56 538.57
15 143.22
48 499.46
34 662.02
48 907.01
43 411.47
77 974.50
54 493.78
78 656.54
86 570.21
39 466.68
70 661.49
57 349.65
27 721.79
45 462.74
40 942.19
89 942.83
15 738.02
29 412.18
18 633.98
59 774.89
28 427.50
76 340.91
59 171.48
54 577.45
27 377.58
46 383.03
87 534.16
72 915.58
46 566.60
68 498.99
42 980.80
46 992.21
4 254.81
83 748.28
15 323.11
58 973.71
11 361.49
82 419.70
83 212.91
7 640.64
90 358.71
19 658.69
23 901.16
38 122.82
92 551.74
50 176.22
54 286.28
70 776.81
54 156.68
21 772.58
92 688.38
76 271.91
74 817.38
61 362.22
48 809.31
19 298.47
98 773.14
5 265.27
97 673.94
54 142.12
27 703.70
61 903.67
75 892.84
42 248.23
61 875.00
63 647.39
81 183.36
59 952.61
3 437.26
99 531.07
47 405.96
74 890.36
15 359.67
75 887.24
30 431.32
36 136.44
93 846.39
55 377.84
17 511.36
24 586.31
28 814.60
97 852.38
81 305.37
5 669.91
38 275.97
78 168.04
29 791.95
65 269.51
8 220.29
90 433.07
25 193.11
72 371.45
47 645.63
60 311.89
54 470.57
21 817.64
9 766.01
29 813.51
60 727.41
96 125.85
21 208.15
82 894.19
64 737.72
25 146.54
44 489.22
85 382.38
47 175.69
41 696.63
57 900.51
30 127.94
84 339.26
36 811.41
93 824.70
75 860.55
95 424.58
80 719.64
39 641.63
73 269.39
77 213.29
39 669.46
35 998.36
21 609.28
98 144.07
89 522.55
63 939.92
24 537.07
38 539.07
2 110.92
24 121.40
31 341.66
60 661.69
27 524.71
8 782.12
97 858.18
77 158.12
48 557.10
22 972.33
34 779.36
54 385.68
13 182.65
98 434.16
17 876.11
71 250.53
28 280.74
78 244.28
68 738.22
28 725.00
31 318.88
52 981.34
63 692.09
76 243.69
93 865.72
10 616.26
61 734.62
77 441.20
85 848.41
89 922.34
88 378.40
39 305.97
24 596.24
6 378.17
63 678.69
33 405.48
68 107.37
37 929.82
58 346.15
42 103.96
86 962.63
65 959.18
58 465.64
63 923.26
29 470.17
58 205.51
5 240.22
16 832.93
60 245.90
87 111.43
65 877.64
70 547.82
73 340.31
48 193.50
9 123.92
38 562.82
43 174.89
48 837.35
50 310.19
73 567.00
63 925.81
61 827.16
3 689.41
37 355.92
92 218.93
16 178.25
6 481.66
29 860.27
93 724.20
53 576.91
88 545.48
63 494.44
15 361.75
73 891.92
78 167.94
22 528.69
88 644.83
50 397.05
49 721.07
17 200.59
7 457.51
83 304.54
36 799.17
53 401.92
45 921.01
55 381.63
51 156.82
12 947.53
76 561.94
27 417.75
100 970.80
54 867.07
90 306.26
35 662.84
33 380.48
61 586.96
95 606.78
84 955.60
65 753.18
82 262.13
47 584.65
91 269.79
94 549.53
3 672.94
18 414.46
92 269.94
49 995.97
97 997.95
97 782.98
56 821.60
73 902.92
28 683.66
87 275.53
60 322.66
72 158.28
16 360.90
92 286.66
75 399.76
23 792.94
37 345.11
98 509.78
73 154.33
85 752.66
69 744.48
49 815.76
39 167.07
87 352.33
34 607.40
62 931.31
3 248.94
43 979.31
75 353.81
66 294.05
98 926.21
36 510.73
55 270.14
25 266.14
89 662.65
46 721.79
67 586.56
60 990.36
85 721.33
64 462.34
41 279.27
65 645.15
54 102.85
32 193.30
78 375.08
32 941.08
17 387.25
92 121.97
87 514.48
30 146.94
66 369.43
67 539.67
36 768.94
53 993.68
58 801.77
73 291.99
45 219.98
93 970.59
50 944.14
78 608.81
94 780.70
8 728.90
69 665.98
97 769.72
51 376.65
4 721.61
83 932.35
54 515.91
11 988.95
58 631.97
83 715.23
13 318.03
78 110.93
65 898.75
10 577.09
74 419.80
3 594.01
96 565.78
40 285.32
10 453.21
75 848.81
15 151.07
22 986.40
66 658.05
88 814.19
60 396.02
4 609.71
84 478.63
60 755.82
13 394.81
22 196.14
84 356.18
61 286.11
87 108.34
3 565.90
100 112.81
53 137.24
61 649.22
80 118.18
85 605.83
6 730.98
84 657.62
11 963.05
17 528.61
93 977.08
89 622.07
30 890.91
40 466.34
76 183.13
1 540.66
34 452.36
59 914.42
77 253.34
95 932.27
75 823.60
86 427.01
94 400.72
39 873.61
14 584.13
33 293.75
31 392.58
13 618.14
87 865.63
93 446.62
28 605.63
1 641.11
24 656.36
90 409.91
49 503.87
31 839.85
38 160.61
23 472.65
39 466.86
55 434.93
35 732.23
73 530.53
2 888.38
40 475.28
36 658.07
80 789.46
20 128.99
20 550.11
38 475.51
24 324.10
7 647.35
85 231.67
35 276.00
14 821.33
5 415.00
60 724.20
11 865.59
6 682.82
6 173.25
63 872.89
84 968.98
45 749.02
26 391.11
46 296.24
36 109.41
32 831.67
20 576.01
25 824.30
60 355.78
57 451.85
81 589.62
30 829.23
13 912.20
25 502.61
20 280.94
34 871.07
80 811.16
78 803.77
36 611.05
60 418.64
81 897.16
79 155.31
22 688.05
53 573.04
68 629.97
4 346.55
15 112.60
47 280.45
48 596.83
55 391.84
30 602.39
2 640.87
75 334.71
66 439.86
9 228.43
96 492.29
72 763.31
43 853.57
34 270.91
63 747.25
71 374.32
93 214.81
35 790.99
5 871.78
7 587.32
74 973.33
87 501.24
25 837.88
25 852.90
15 152.86
41 887.77
48 193.78
58 350.90
16 540.21
94 819.54
56 528.18
100 734.81
81 373.75
89 284.10
93 887.28
54 290.41
24 485.51
32 387.07
84 727.40
72 953.86
23 538.88
90 498.22
15 931.43
95 188.22
33 563.40
87 992.35
91 136.98
83 615.82
1 889.22
94 253.70
28 369.95
57 765.88
39 642.70
45 762.88
82 279.20
45 139.88
33 356.05
12 701.62
10 541.49
11 148.03
61 343.04
9 844.76
63 261.67
46 943.25
40 656.83
29 575.54
66 400.95
68 862.26
88 433.38
18 939.47
59 837.39
57 251.08
1 668.77
59 573.33
63 357.67
69 470.40
34 499.16
24 569.47
91 369.95
71 667.97
5 234.21
86 620.44
89 705.33
77 262.30
51 224.23
64 566.12
28 292.73
75 586.85
74 567.58
31 141.75
99 677.81
58 199.37
85 244.07
58 323.26
55 122.62
56 496.89
40 581.71
35 340.47
80 743.76
38 845.50
12 574.07
40 315.09
7 731.23
87 209.01
28 363.57
78 482.72
48 954.29
98 512.25
10 276.29
35 535.50
37 504.24
29 188.16
29 934.15
66 451.73
23 697.35
84 547.34
82 581.14
37 844.90
1 872.74
35 559.85
37 874.05
12 630.14
84 274.72
66 765.87
22 201.61
30 572.94
21 525.19
52 744.84
78 804.05
35 575.12
54 185.79
48 829.05
30 676.95
9 864.54
100 243.30
56 747.34
9 478.39
18 284.88
51 674.17
93 219.32
65 860.80
82 451.10
58 898.35
23 591.54
88 221.40
58 940.91
46 949.41
36 410.65
11 479.64
31 591.16
68 438.79
76 259.31
62 566.07
43 720.90
51 702.62
95 281.52
64 459.02
85 271.30
70 569.46
97 946.63
7 760.01
40 277.18
78 779.76
43 305.52
62 988.99
54 970.19
45 850.30
34 446.06
27 450.64
37 387.23
67 113.73
21 294.95
83 397.73
28 175.91
88 265.64
65 731.89
65 126.18
99 597.29
59 829.69
5 583.30
70 358.81
49 115.05
81 378.64
78 569.09
24 878.27
87 628.48
73 855.29
41 419.19
18 524.48
90 574.43
85 109.19
86 947.87
16 983.01
79 605.38
1 198.27
23 238.55
74 168.88
48 372.78
30 827.69
25 477.69
6 888.24
93 899.58
88 671.61
91 645.74
14 917.68
7 692.78
2 146.46
44 930.27
32 101.09
93 649.06
20 519.68
15 852.50
45 368.08
76 114.24
75 753.76
17 285.87
16 822.23
23 175.11
18 460.58
47 737.26
32 500.36
44 825.59
25 142.21
84 238.40
91 243.05
17 549.10
3 582.49
61 485.17
73 828.16
11 213.54
62 656.80
77 568.15
81 574.39
10 953.83
38 491.48
29 338.81
70 271.92
18 790.51
89 552.44
82 292.45
19 407.27
41 233.59
18 335.54
67 292.03
93 312.89
9 134.62
69 385.46
76 114.70
19 134.86
26 549.60
77 950.96
66 179.47
18 461.85
71 233.93
6 921.44
96 661.97
60 173.54
67 174.19
97 374.32
61 821.45
50 784.26
37 349.11
61 976.69
18 595.18
8 718.05
6 307.38
41 403.85
56 450.29
21 499.58
28 635.44
73 951.61
12 428.80
63 229.44
33 412.63
74 905.68
81 981.91
30 387.26
21 718.86
97 795.46
30 249.71
66 605.13
89 476.02
94 840.23
74 843.86
6 819.54
27 896.58
21 512.89
87 612.99
99 419.19
67 882.19
6 430.32
40 474.87
9 417.36
2 477.21
22 374.94
26 293.41
77 247.15
16 387.52
34 482.52
93 383.90
52 494.68
50 847.57
62 636.29
61 312.49
71 305.03
68 979.79
21 359.65
16 546.62
87 599.81
54 341.50
1 257.76
62 822.90
84 289.18
51 118.24
10 480.11
50 872.97
84 695.86
60 315.90
42 456.43
79 998.09
36 503.25
43 264.55
80 806.67
44 804.96
11 840.09
63 991.79
88 464.95
23 420.55
47 488.66
2 169.42
50 368.66
81 810.80
30 326.72
67 541.48
96 808.56
52 655.88
24 642.29
66 286.53
2 653.44
59 276.77
63 502.50
66 980.00
70 833.58
97 562.52
35 666.22
99 465.90
84 372.41
63 571.51
21 930.38
34 451.04
51 324.93
17 169.36
7 918.16
62 307.65
84 366.59
14 924.08
37 856.72
96 703.67
91 440.72
79 584.12
36 360.60
62 908.19
43 622.68
15 603.59
79 980.95
99 252.49
1 631.66
90 733.91
92 517.24
27 663.61
64 288.52
28 968.88
69 345.21
44 673.28
100 973.51
37 509.04
36 405.16
92 750.47
29 277.37
41 230.00
36 879.74
3 151.66
93 592.70
77 170.79
29 914.44
28 370.76
76 383.28
89 230.03
38 619.93
26 487.90
64 902.59
53 135.44
31 737.18
21 128.80
44 145.65
9 654.66
54 987.00
42 668.68
67 276.05
40 869.00
88 499.29
97 178.12
35 633.72
3 728.09
16 709.47
6 726.87
60 458.25
97 539.92
84 193.04
10 124.27
22 441.23
27 507.82
29 855.63
100 921.10
95 936.23
3 392.29
84 718.61
13 602.74
34 591.31
98 857.70
90 579.62
91 298.24
86 850.83
13 812.43
69 694.94
98 986.86
40 866.98
91 685.79
100 251.81
25 421.82
50 576.54
10 726.96
48 372.88
15 175.58
37 496.03
3 256.37
29 384.17
43 925.14
65 988.74
82 707.70
27 908.95
41 719.26
45 313.41
15 781.21
46 876.05
15 140.64
12 422.14
58 306.24
15 503.05
25 404.76
5 810.75
97 548.79
72 683.48
69 754.38
43 923.03
55 238.02
24 589.88
26 642.22
50 487.97
73 559.99
32 896.64
43 791.62
63 530.99
49 910.68
60 315.85
44 787.18
27 558.63
30 619.52
96 261.37
43 638.29
35 927.40
11 659.75
4 501.69
19 970.62
20 917.42
93 850.36
30 418.12
17 819.01
31 394.57
45 726.08
11 306.60
91 621.70
22 749.25
69 838.11
57 328.98
9 773.79
9 702.49
16 959.57
48 678.76
38 445.37
19 593.05
60 602.03
53 358.87
28 717.69
14 753.44
21 668.52
47 676.25
55 913.20
53 655.06
60 407.30
100 966.34
88 866.45
37 285.71
68 784.12
13 962.85
29 912.33
95 987.70
50 237.58
15 953.54
90 291.99
22 584.21
22 212.99
32 560.13
87 907.68
11 715.33
43 749.42
59 252.73
73 399.58
8 586.62
26 773.40
36 783.18
23 840.49
25 631.13
4 218.45
84 562.39
54 394.83
17 606.57
63 754.21
16 959.77
86 275.19
86 668.70
55 690.73
13 848.95
62 973.90
81 597.95
11 895.26
23 323.95
57 477.32
97 142.74
38 463.94
24 757.54
55 607.15
63 985.45
16 537.95
90 242.27
91 829.47
14 646.27
24 140.37
19 847.16
96 500.26
73 164.35
82 371.71
38 483.84
92 939.43
97 705.84
79 297.67
14 130.26
84 617.45
74 857.09
82 401.84
9 989.89
13 380.40
31 170.76
21 537.51
65 265.03
39 117.53
80 131.95
15 876.92
89 558.24
37 365.26
54 183.63
86 978.86
5 214.49
56 449.99
65 666.42
34 988.73
28 613.88
57 743.43
61 426.75
52 591.49
36 196.36
23 171.55
75 117.47
56 321.66
93 278.94
88 120.67
74 743.62
100 579.85
81 394.06
31 566.13
43 329.70
74 125.14
53 649.08
8 510.01
96 152.53
10 382.03
53 760.55
45 655.63
34 406.17
3 157.30
29 262.17
27 757.56
8 955.06
13 774.47
23 545.77
97 107.28
67 419.14
49 816.15
16 258.07
76 123.57
30 439.99
46 921.98
58 211.15
64 575.01
89 230.87
51 748.59
98 851.12
11 514.08
74 647.75
57 882.86
45 408.76
53 647.50
19 573.11
5 477.98
36 521.03
71 838.45
23 737.42
9 131.73
24 528.54
96 892.72
75 215.34
10 744.61
14 346.90
67 689.17
24 589.34
62 309.44
60 659.00
3 583.14
18 595.64
50 927.15
14 920.11
33 145.15
43 675.78
61 861.29
20 882.13
49 514.85
55 176.17
62 776.61
37 158.09
39 918.84
63 272.53
52 670.76
27 573.20
11 283.79
7 743.42
16 923.23
91 495.65
18 431.58
46 515.01
4 416.54
48 827.79
56 465.45
100 664.09
20 351.42
6 375.14
58 401.51
32 939.32
54 746.68
36 810.79
77 356.60
22 862.28
46 789.47
15 494.35
73 850.04
77 792.35
9 743.96
15 935.71
83 745.16
12 541.42
48 974.66
76 663.52
18 499.36
1 257.27
43 702.83
69 541.62
48 369.56
74 262.45
76 271.30
29 722.07
90 588.55
42 709.70
85 480.22
56 387.46
85 142.36
91 419.50
88 923.42
14 856.36
36 342.19
68 977.30
75 312.37
9 524.40
43 208.18
61 864.21
27 138.76
76 660.81
75 483.81
96 534.60
90 209.35
97 973.49
45 589.49
94 516.44
48 498.72
17 193.32
18 805.85
31 208.77
82 250.23
69 428.22
18 367.52
91 141.29
69 976.46
30 262.92
46 228.29
19 935.53
95 489.70
51 713.57
67 518.03
48 251.50
31 742.11
62 220.11
94 336.18
12 888.40
61 229.98
9 280.08
63 312.12
24 540.22
3 552.52
82 391.09
38 559.89
32 814.66
15 336.03
50 439.69
44 397.01
58 130.30
53 107.19
50 799.96
42 878.56
34 504.88
21 772.99
52 927.38
41 461.83
3 173.56
13 789.69
18 634.44
7 436.78
42 565.53
49 860.88
85 970.89
35 609.74
77 657.06
75 616.34
99 962.19
2 802.41
16 513.61
31 960.03
13 617.48
64 191.69
18 306.39
27 647.53
84 373.47
100 196.88
74 331.74
84 842.63
29 227.07
100 564.63
46 475.94
75 547.71
8 521.55
75 966.88
17 320.99
59 286.90
66 507.47
69 581.64
17 425.36
75 199.05
94 451.37
48 869.95
62 218.31
32 897.55
64 726.35
78 645.79
19 433.21
49 407.48
91 408.42
85 997.18
48 890.06
87 182.85
37 435.19
75 239.97
2 263.59
93 979.83
6 167.89
57 532.63
18 446.10
33 462.67
45 821.37
54 374.88
49 426.63
47 398.17
68 176.01
63 307.15
18 264.53
3 265.24
73 140.35
36 232.54
21 895.83
90 366.31
51 437.18
22 861.35
77 599.24
55 148.39
59 447.74
25 938.91
80 884.31
26 204.40
40 443.36
24 456.17
16 426.04
30 958.85
99 920.01
85 646.83
46 916.68
7 293.72
70 351.76
6 764.24
59 292.20
84 420.19
5 760.65
7 752.52
4 200.89
61 892.05
99 516.07
3 963.70
78 711.82
29 857.50
45 300.72
60 175.90
59 700.11
70 759.96
87 973.83
94 374.40
37 547.77
55 459.63
64 791.10
35 530.19
78 883.68
37 959.01
50 182.79
36 559.47
42 935.50
76 131.12
25 239.71
26 307.64
17 672.51
4 412.14
52 472.12
56 904.70
84 998.93
54 593.79
49 399.74
59 213.84
75 804.17
74 164.35
13 936.02
38 830.09
17 487.29
3 989.51
49 301.70
100 903.34
3 255.17
76 698.68
85 393.71
73 221.46
75 598.41
85 402.53
19 633.59
66 839.01
54 512.56
90 144.27
8 578.89
75 713.05
93 120.10
24 616.55
26 259.75
91 607.05
17 666.69
20 798.39
38 375.05
75 664.56
49 276.71
2 447.27
32 553.14
51 914.47
53 456.28
4 665.35
19 121.02
83 241.09
65 519.20
86 812.23
54 981.43
9 156.51
8 297.25
30 292.61
69 824.43
23 309.88
23 853.71
72 746.71
94 734.56
84 222.50
2 749.92
27 440.00
86 472.23
78 487.41
16 327.66
25 920.51
28 706.81
22 997.36
85 640.78
47 519.17
49 156.88
39 822.94
56 613.82
92 240.17
82 562.64
37 352.14
31 499.03
34 177.13
72 334.38
87 929.54
78 486.60
37 994.68
69 459.19
3 180.27
79 293.74
95 102.13
51 511.24
37 845.43
36 691.12
37 274.49
1 605.19
99 302.59
23 393.67
85 515.85
38 940.63
90 981.39
89 501.76
31 614.18
11 984.73
34 229.80
50 482.35
4 549.60
27 741.98
44 470.87
68 481.32
17 915.61
34 892.81
74 358.08
31 150.94
85 427.25
28 802.69
73 257.29
88 289.07
17 220.49
14 800.92
33 166.25
41 679.56
8 129.09
27 629.06
8 216.96
54 489.48
32 987.71
23 670.14
89 790.31
89 796.93
62 253.97
4 701.53
43 187.01
4 594.11
50 977.48
3 504.14
18 597.70
64 727.83
40 189.89
73 136.09
66 491.17
79 153.64
6 258.69
42 409.08
70 919.70
55 132.95
91 720.29
40 989.48
27 311.21
46 181.66
61 927.92
44 608.84
49 324.94
9 248.06
3 347.27
15 353.91
32 670.28
31 416.32
1 971.96
81 107.18
96 604.05
47 547.49
12 851.84
78 416.30
80 803.02
6 263.58
42 644.03
48 240.11
24 145.55
98 569.27
50 733.63
44 198.93
74 740.68
90 149.64
16 524.22
72 965.01
88 435.14
64 484.53
72 284.26
73 531.48
47 809.26
96 222.65
59 445.75
24 505.64
34 485.38
20 550.34
13 292.27
23 322.45
61 237.96
63 960.39
25 580.92
33 317.44
92 260.94
4 187.56
3 152.30
88 532.95
98 544.58
67 859.48
31 887.08
9 696.75
12 105.91
69 799.51
73 735.90
80 914.30
63 278.15
35 409.64
40 808.96
35 563.46
78 426.96
66 983.91
26 137.72
60 639.66
65 307.10
66 972.73
87 927.57
66 492.30
31 373.05
56 728.02
60 251.32
78 991.77
82 236.79
63 807.64
2 903.81
84 184.10
61 209.91
6 985.60
47 738.08
28 935.67
93 546.74
80 990.47
36 566.20
94 215.13
95 276.26
28 179.76
61 725.83
95 643.94
73 856.24
36 873.56
82 692.10
74 380.27
73 377.37
56 243.94
44 441.43
24 333.18
55 121.26
37 930.39
50 799.14
69 459.33
71 385.20
41 268.17
60 202.52
58 581.57
8 470.75
3 216.73
63 352.74
18 789.34
51 559.41
49 319.83
57 143.10
81 681.15
21 613.63
60 767.38
85 752.54
90 679.80
40 627.85
47 201.23
58 843.37
24 600.77
93 480.22
77 202.69
40 507.29
34 158.80
10 124.16
59 515.90
20 666.84
22 686.22
54 978.42
55 746.24
96 371.90
74 244.99
18 233.43
96 133.57
94 400.71
49 542.94
7 973.69
100 167.59
19 299.77
51 913.18
100 254.15
60 613.43
50 368.18
76 796.80
36 630.48
41 278.13
45 546.12
51 298.17
50 902.08
19 649.10
47 977.19
27 502.70
65 486.82
28 458.66
59 439.84
91 689.91
27 119.78
64 591.75
31 619.21
25 446.35
88 242.78
67 513.99
60 447.88
19 221.01
48 561.82
29 562.69
65 261.84
3 157.52
88 656.98
3 778.05
51 679.42
30 263.08
11 466.59
32 855.96
88 496.62
79 504.24
54 596.32
19 191.47
2 838.88
85 832.63
77 460.96
22 547.78
21 297.98
98 115.90
87 739.64
4 238.05
93 176.22
15 151.23
29 293.36
1 821.75
41 456.05
9 412.59
14 115.93
63 121.84
100 222.50
89 501.01
96 601.44
71 428.73
59 192.46
99 290.42
36 577.67
47 961.24
21 682.52
72 419.38
10 771.12
7 408.51
38 991.69
45 825.11
40 634.81
98 994.44
49 882.89
79 655.40
42 199.82
83 537.51
24 221.96
80 476.39
31 988.32
26 855.53
56 705.49
80 492.08
83 506.33
78 742.00
45 954.56
80 242.29
19 634.30
3 638.53
36 922.95
49 584.17
48 364.23
67 425.00
69 543.19
78 575.67
35 125.41
71 419.31
93 761.80
53 535.54
1 545.26
88 850.22
89 480.84
94 357.90
9 673.89
4 399.07
8 182.37
20 504.57
76 954.26
66 908.83
78 500.38
92 361.70
69 884.80
80 760.68
100 638.77
60 174.81
17 122.21
13 670.42
79 971.05
31 265.33
74 494.91
44 897.11
92 360.13
55 772.24
53 321.43
63 708.44
59 273.06
87 679.33
17 451.25
93 221.66
43 111.27
52 853.79
31 922.71
4 309.29
78 312.93
53 224.54
57 184.75
90 264.15
62 206.96
66 636.70
51 460.07
5 510.65
64 217.22
12 439.36
21 383.20
44 791.00
52 515.27
71 115.62
100 622.91
84 795.09
42 233.90
67 403.57
74 327.26
54 658.28
27 742.02
24 744.54
90 523.04
43 197.66
75 651.15
71 818.61
21 181.02
40 988.81
17 326.33
6 589.23
88 394.19
2 723.91
42 755.68
54 867.09
67 125.21
94 689.75
59 533.96
39 309.97
41 671.46
64 657.13
30 309.11
10 514.95
86 532.38
89 102.87
71 792.27
73 136.08
16 723.57
89 397.11
17 288.67
24 957.32
19 134.30
47 361.83
98 433.53
36 999.84
59 539.31
94 248.30
5 783.25
32 705.11
91 596.28
91 740.95
95 613.10
44 700.54
99 209.85
28 389.16
46 947.69
17 615.53
53 172.02
88 280.24
32 782.98
42 262.69
78 643.15
100 808.42
73 972.43
87 578.77
24 945.99
69 814.00
40 526.83
85 868.43
9 246.51
22 116.76
24 770.12
30 695.50
26 293.23
94 479.52
34 508.87
85 802.53
50 977.01
72 968.14
58 496.94
42 937.77
87 971.28
68 444.19
54 150.56
54 540.90
12 116.55
84 361.71
33 474.35
63 312.12
46 350.29
10 930.48
29 908.36
44 266.73
86 711.59
54 816.94
70 906.60
46 490.11
5 175.72
20 843.95
84 549.24
23 158.33
7 438.50
7 149.46
81 850.01
70 536.17
26 446.63
25 627.19
52 127.39
20 814.06
5 393.93
13 650.79
3 531.86
85 262.25
53 378.20
98 251.24
23 185.95
31 150.16
88 344.41
69 819.80
13 903.92
73 521.03
65 896.56
63 871.99
57 748.57
83 662.09
66 655.17
16 975.31
89 495.43
68 352.34
52 642.79
85 363.68
17 827.87
37 199.40
39 584.19
14 914.86
49 228.33
38 702.60
89 613.38
1 383.64
22 637.91
12 426.62
22 197.86
63 767.39
57 870.03
71 533.52
9 755.18
94 255.08
15 863.67
31 824.22
38 196.75
30 519.50
21 999.52
77 519.42
95 579.14
3 674.88
26 229.09
67 306.64
77 643.41
78 392.88
34 422.50
16 774.13
3 312.09
54 631.13
10 295.72
44 615.25
75 963.19
18 271.92
33 384.37
84 630.19
71 951.55
79 681.89
33 486.79
29 578.07
66 368.83
86 352.68
84 428.64
29 157.76
77 552.58
40 561.56
9 419.68
6 978.44
40 777.34
59 431.98
2 143.89
95 261.68
97 624.69
26 806.17
79 877.16
17 248.22
1 222.62
2 598.08
33 452.64
11 146.69
24 677.14
52 777.59
1 593.90
86 379.71
25 468.43
14 837.64
84 329.87
59 274.79
79 573.12
100 459.50
69 648.28
45 265.50
78 969.80
29 441.23
71 324.60
93 586.54
10 578.01
31 951.48
32 286.53
15 941.17
69 574.87
52 568.68
64 365.17
25 461.48
93 121.28
97 201.26
26 119.24
68 430.59
12 558.27
79 922.07
28 893.89
85 745.96
90 705.55
47 510.33
88 778.08
26 263.30
36 571.04
90 671.59
66 314.53
100 545.52
6 194.07
18 104.28
8 449.53
63 345.82
66 830.16
91 975.85
13 816.84
57 846.01
92 264.68
93 785.69
49 770.73
64 457.26
49 975.51
30 733.54
38 504.69
82 765.81
21 227.15
54 689.58
64 287.17
72 365.24
16 413.49
39 344.89
35 258.09
34 176.30
90 418.06
45 681.82
47 154.13
95 314.10
11 724.23
46 951.94
79 830.63
21 205.32
61 376.36
95 619.33
24 485.80
66 593.75
66 470.45
45 510.25
87 971.21
73 232.39
98 652.12
96 548.46
9 344.84
6 965.60
69 383.55
43 379.25
12 757.39
7 937.24
32 571.18
27 692.80
58 260.95
30 632.88
83 768.16
55 120.37
34 480.83
54 200.07
65 783.44
43 604.29
49 243.00
58 668.48
79 352.38
1 931.44
50 137.38
67 531.95
84 375.12
67 131.91
7 101.45
59 348.01
95 178.94
18 690.03
30 751.12
100 426.08
96 548.86
68 667.72
13 982.26
82 197.64
19 100.58
44 811.11
84 114.90
28 648.86
7 911.11
81 876.10
40 157.16
93 823.92
43 101.55
39 441.21
69 271.68
33 962.47
73 654.81
35 259.97
83 846.85
28 450.85
67 527.67
8 233.71
34 976.65
49 575.18
95 646.46
26 283.00
82 855.72
30 954.28
19 486.06
13 475.63
21 234.92
100 375.00
74 249.46
75 921.81
75 314.03
79 159.94
45 991.35
48 807.26
46 493.30
1 543.18
61 189.06
19 275.27
4 649.64
18 620.83
94 170.10
63 805.64
51 509.80
80 302.90
13 341.27
93 177.46
82 640.44
73 791.49
47 587.72
24 346.06
46 513.77
98 666.50
17 127.09
41 969.76
79 999.81
52 978.79
82 519.76
64 270.26
51 435.77
62 338.98
97 737.30
54 633.61
23 862.17
93 728.45
10 552.47
63 208.71
52 488.27
83 727.87
63 749.92
52 696.48
64 172.04
53 454.82
6 338.29
59 565.00
88 206.34
99 497.66
9 327.57
17 119.02
87 833.45
70 831.47
42 722.10
61 764.68
25 851.85
100 894.77
98 962.22
83 977.85
13 770.17
52 485.43
59 502.99
80 415.41
17 691.43
71 241.26
95 173.36
64 612.54
35 851.15
72 634.29
36 708.69
90 288.42
100 239.36
27 825.31
53 743.81
21 102.61
3 149.31
60 759.35
41 417.85
24 783.05
23 152.69
80 333.13
46 644.18
76 206.09
60 295.81
2 641.65
29 456.53
44 148.82
26 568.96
43 935.81
38 339.95
83 647.92
2 684.18
5 724.55
70 878.69
73 224.18
27 605.27
56 164.22
98 227.48
45 959.73
64 540.80
88 810.18
61 791.92
38 272.14
55 964.70
60 443.00
42 166.98
76 647.71
94 626.17
97 842.30
40 486.25
60 928.05
26 578.20
79 645.68
91 747.02
61 996.52
60 326.27
50 953.07
28 514.50
17 874.18
68 591.91
34 484.71
75 462.12
56 316.98
75 267.96
31 534.39
9 680.45
80 733.39
5 732.88
50 567.81
57 295.06
36 285.95
69 525.46
54 853.72
90 157.85
56 283.28
24 874.63
8 397.13
33 669.74
50 867.93
89 784.44
86 783.34
43 169.29
33 904.94
69 692.54
9 529.71
100 895.08
79 444.91
59 929.05
26 299.29
93 746.23
1 695.55
92 581.22
24 452.95
53 968.80
11 151.97
22 568.39
69 961.19
7 576.29
60 221.09
56 805.37
75 295.91
27 527.47
95 174.16
52 443.89
32 396.04
35 618.23
26 691.77
66 106.35
77 778.51
17 248.93
28 485.07
53 469.91
57 780.75
45 115.00
13 636.53
77 304.79
1 192.37
79 232.03
87 475.79
25 678.11
56 960.00
34 432.07
50 153.08
100 655.00
22 530.49
90 337.03
85 108.15
50 795.84
24 309.95
38 407.46
43 611.03
97 794.87
21 898.96
5 568.96
7 865.82
5 168.98
11 957.05
89 714.07
92 469.31
38 572.64
76 345.35
87 910.22
27 217.87
54 808.02
45 843.04
12 110.42
97 299.34
64 959.20
47 310.17
97 304.51
42 267.36
17 675.65
79 210.85
94 448.87
33 753.79
22 640.01
2 494.04
67 358.55
49 870.23
98 373.27
51 529.13
22 491.29
78 942.87
23 126.99
98 173.32
11 981.78
65 658.29
76 248.19
88 754.15
34 253.16
1 118.48
76 741.95
3 297.80
66 204.61
30 824.67
77 969.55
11 155.66
25 715.69
97 250.88
89 446.93
34 873.09
5 825.76
73 452.45
60 397.00
9 571.39
72 417.72
92 951.58
18 235.77
5 775.29
49 517.79
51 587.97
46 386.94
76 717.29
47 723.97
72 595.29
64 552.69
27 700.10
61 468.90
26 158.71
78 786.68
28 931.88
20 153.21
85 754.24
76 492.50
80 756.40
33 840.15
71 731.50
87 138.64
93 951.58
4 297.60
87 751.93
63 154.94
53 969.68
18 442.56
25 659.26
52 140.90
14 596.11
10 404.02
49 972.36
27 235.44
96 346.08
57 511.62
69 312.89
97 299.70
34 332.02
13 767.17
32 242.79
10 185.22
77 726.44
90 612.10
78 651.67
14 266.74
83 770.38
10 848.91
10 272.15
3 655.60
83 913.24
56 812.97
100 711.86
28 998.23
52 755.72
32 274.86
72 776.62
21 389.02
51 579.09
55 332.33
80 852.40
58 625.81
18 690.58
49 511.37
45 107.25
83 333.52
66 947.33
34 500.40
61 494.95
48 157.47
85 634.90
78 183.58
36 382.04
75 516.13
78 271.24
57 910.19
99 414.19
94 540.66
58 755.67
66 880.79
84 255.00
55 209.85
25 626.18
20 188.36
79 972.50
87 949.06
94 265.34
47 346.73
70 951.25
77 830.98
22 684.54
8 335.23
89 732.32
30 938.65
100 919.20
37 409.27
11 184.71
85 380.69
45 551.05
72 208.58
25 659.43
57 388.75
72 312.10
2 281.13
60 381.46
78 310.70
98 290.80
1 411.51
40 629.79
41 737.09
88 609.86
76 318.24
84 842.75
4 253.87
73 976.65
9 987.28
72 412.08
16 236.34
30 979.35
71 126.38
83 335.02
61 837.60
41 528.81
86 468.96
26 820.04
35 482.83
48 346.74
34 162.78
74 115.74
75 375.34
81 640.28
47 810.42
55 469.82
52 166.79
31 960.34
41 423.58
96 724.17
1 942.85
5 740.96
81 185.81
14 640.82
79 842.13
76 883.13
30 839.82
24 849.66
43 913.53
63 501.51
73 584.70
23 155.24
97 659.17
73 670.00
31 584.82
94 644.70
3 258.83
8 341.48
93 367.71
48 303.56
19 305.74
54 226.64
62 276.95
93 417.67
77 343.11
67 486.78
95 881.64
53 472.78
82 597.73
63 921.61
7 906.11
84 590.50
7 577.44
30 236.06
100 799.91
28 717.72
4 231.89
51 861.36
45 159.65
38 856.33
91 562.60
93 944.61
97 449.21
75 191.13
70 620.46
27 611.07
73 471.39
32 754.03
20 381.73
26 868.41
79 323.43
54 456.98
24 630.72
87 536.11
45 122.74
65 208.44
74 834.90
49 430.94
23 246.96
79 942.92
13 408.13
26 908.42
43 255.08
13 584.14
91 247.36
66 162.95
11 307.37
80 892.63
82 457.17
67 484.57
39 245.88
71 663.75
80 933.44
47 380.07
43 406.63
42 919.42
86 668.06
99 275.26
3 234.43
51 941.14
90 302.93
27 736.72
80 569.66
81 342.28
9 823.67
88 179.72
61 231.56
93 709.21
90 732.99
61 610.65
30 532.54
50 833.82
48 617.79
92 990.28
17 577.18
77 178.75
73 347.44
97 130.99
66 974.71
32 163.88
70 140.66
90 439.37
54 456.62
64 707.40
47 616.77
46 680.00
79 629.87
93 394.84
39 555.53
26 773.31
28 575.73
70 525.03
32 696.05
86 255.89
31 664.66
2 345.22
10 426.37
99 536.10
24 776.02
100 220.66
45 649.48
92 877.92
41 554.74
64 619.44
19 142.66
39 362.01
95 195.79
39 153.89
58 922.48
95 899.57
69 917.12
37 814.38
99 618.54
24 264.25
22 148.62
17 536.62
3 962.42
66 555.35
56 295.47
44 898.50
91 531.63
91 933.39
44 251.09
79 125.69
2 355.93
76 964.16
74 661.22
7 307.71
72 437.51
73 350.13
5 574.49
48 514.95
99 603.51
68 884.45
61 521.26
16 818.24
73 174.73
6 442.88
59 638.91
76 369.17
85 190.27
33 113.31
72 134.95
74 925.01
62 481.27
100 719.19
62 335.04
47 237.99
16 821.15
43 251.55
63 582.02
50 638.36
32 775.97
3 751.16
92 844.07
31 271.26
80 477.37
17 667.41
83 480.78
47 495.32
56 398.24
44 275.01
86 200.27
11 515.90
67 180.62
92 650.23
93 757.10
93 287.95
65 937.03
14 496.98
87 300.46
51 872.12
12 190.40
41 299.35
62 359.51
31 958.35
4 742.84
22 910.47
6 466.43
37 482.39
9 614.47
15 983.19
80 174.33
94 622.94
58 969.72
92 750.85
4 636.41
67 300.95
57 789.30
73 331.87
23 452.03
45 339.42
44 761.33
63 528.42
75 155.91
78 850.46
4 442.82
42 238.00
86 414.42
3 108.83
60 178.90
25 269.74
92 460.63
30 360.38
49 297.18
6 717.52
55 582.62
83 119.00
32 287.66
80 402.02
42 829.14
64 945.72
85 304.94
71 433.14
84 260.71
24 186.91
92 741.22
20 624.93
99 226.94
3 585.43
93 521.21
31 784.82
34 259.32
73 817.03
46 825.04
51 916.37
18 182.00
73 268.20
26 281.34
15 610.17
30 570.59
9 319.20
35 323.27
62 696.59
64 946.28
45 804.99
52 527.25
4 168.16
83 350.48
70 305.62
64 681.63
71 492.88
30 535.86
37 450.14
10 310.66
48 403.57
5 350.35
94 482.12
82 804.29
21 440.28
45 557.11
9 760.84
10 691.52
97 138.56
30 984.33
58 605.60
17 183.04
46 446.96
6 919.92
81 161.12
53 337.48
91 969.80
11 976.02
10 940.93
64 263.73
50 479.26
75 979.47
21 221.33
94 638.13
71 958.33
85 483.57
62 344.23
74 763.51
81 473.98
42 644.42
26 595.71
18 660.25
60 965.68
57 334.79
8 904.04
20 780.43
84 994.07
35 274.61
61 544.08
61 712.91
93 470.20
83 579.66
22 207.52
76 271.27
28 586.89
30 117.38
42 832.42
27 100.21
10 875.36
4 571.93
13 281.25
38 187.45
56 342.07
95 666.73
21 248.44
30 959.65
11 719.86
23 985.87
34 757.62
39 361.73
14 428.62
37 324.89
44 654.90
32 953.84
22 809.28
29 109.61
98 619.96
78 781.26
1 703.05
44 508.78
49 382.88
3 935.99
88 501.80
94 274.03
78 105.31
38 802.89
16 788.95
83 607.95
10 147.61
17 221.92
52 346.13
63 296.28
48 827.02
73 911.02
56 360.15
66 777.59
49 357.14
18 184.43
43 608.78
40 121.97
50 263.02
5 242.54
48 649.64
98 266.54
58 622.73
29 635.73
14 618.93
85 171.44
32 854.91
43 927.71
44 515.30
57 834.26
32 500.46
92 859.98
54 703.10
19 615.40
10 328.98
24 362.15
77 514.34
80 438.61
7 715.13
35 675.02
63 828.04
57 149.61
28 745.59
98 163.97
68 540.02
44 715.47
22 785.10
58 833.36
66 376.37
4 498.38
44 659.76
57 338.09
11 940.43
76 751.65
15 606.79
52 411.61
62 315.70
97 758.18
24 327.53
70 832.86
44 382.60
30 781.24
25 752.82
33 485.51
70 203.93
68 303.67
68 175.99
21 658.92
22 165.28
75 725.08
27 313.28
5 281.55
80 646.54
25 255.16
74 459.01
30 307.59
97 673.35
68 826.19
98 317.57
99 227.66
40 305.59
51 138.55
68 819.90
40 854.87
38 360.06
83 848.49
86 768.62
31 997.51
63 428.53
56 317.62
22 257.96
47 392.56
98 373.69
56 358.49
82 514.54
35 159.94
68 330.88
96 982.14
61 552.54
12 589.94
60 488.07
71 430.30
3 397.15
91 154.35
12 560.11
63 802.31
44 940.18
65 321.29
81 992.71
84 187.58
94 798.45
69 856.61
16 839.37
51 921.38
64 857.97
93 952.97
24 862.77
23 219.77
17 460.39
17 629.97
21 759.28
92 305.62
67 910.73
14 364.84
23 577.48
60 151.07
87 334.80
53 563.18
96 335.13
39 108.42
36 680.02
56 203.01
75 385.63
47 285.05
97 151.12
97 598.45
74 698.55
77 391.82
73 963.17
36 215.56
38 641.22
61 874.87
65 461.79
5 285.12
92 764.65
99 646.14
51 399.10
61 628.85
32 967.44
53 206.97
88 917.74
92 269.50
14 224.30
71 856.13
72 719.95
83 387.61
88 294.38
39 392.41
20 707.71
51 830.54
93 836.83
11 119.48
35 912.94
54 948.10
43 552.50
30 701.75
64 419.30
79 960.01
10 698.51
92 497.18
34 475.67
62 650.74
8 608.17
33 819.58
7 244.39
77 937.05
66 617.41
93 551.07
28 256.83
29 792.16
41 543.28
99 576.82
68 364.64
19 727.37
5 554.29
93 775.49
52 612.23
54 100.67
63 922.32
44 216.59
53 987.17
84 116.12
57 731.54
38 500.53
62 553.92
56 995.53
57 517.48
67 123.58
22 658.75
24 364.25
15 357.63
39 161.10
25 644.93
55 539.72
65 729.02
55 405.54
1 444.43
39 176.27
46 566.68
32 791.80
40 687.13
52 944.35
77 977.17
54 223.90
4 925.12
9 228.29
53 703.95
3 114.78
42 505.16
95 387.73
56 618.82
56 453.45
70 884.55
89 353.54
91 447.57
77 241.19
80 173.93
29 617.52
46 683.72
12 898.36
96 197.47
73 315.39
56 389.38
48 887.57
69 159.63
55 322.89
53 471.37
51 718.87
94 797.64
86 279.99
98 138.45
55 860.62
29 542.92
76 466.36
15 408.75
63 231.01
6 130.38
44 809.07
56 194.41
73 702.96
50 278.67
99 348.90
80 141.30
78 409.23
68 450.41
9 443.14
17 588.36
98 355.20
94 809.06
47 282.28
89 177.10
5 396.72
14 594.00
18 992.81
55 980.60
74 677.62
13 785.09
1 710.98
62 748.02
94 699.29
2 630.73
28 369.74
51 386.36
14 978.23
16 733.85
41 881.73
45 804.03
37 460.12
2 934.70
33 955.55
94 457.80
31 404.83
53 603.18
31 806.23
26 393.58
54 999.11
36 187.79
10 102.14
21 141.55
35 498.35
1 650.20
67 347.81
81 621.03
99 705.77
84 218.94
17 660.99
86 679.21
19 142.31
23 709.05
32 533.36
2 104.69
100 333.15
70 289.46
22 970.86
24 647.13
59 362.16
41 767.13
81 353.66
47 231.72
35 630.72
95 111.77
77 880.55
100 774.42
66 518.51
34 284.43
21 996.20
72 259.92
96 215.97
92 412.96
66 517.38
18 215.90
15 197.13
65 856.12
25 565.51
70 237.50
67 484.64
81 917.60
51 618.61
15 369.09
14 153.51
24 593.92
17 246.66
69 607.00
86 755.44
68 904.80
58 845.12
93 699.79
50 938.95
62 302.24
30 144.84
37 263.96
42 317.99
100 607.50
98 876.84
61 503.17
70 986.82
61 871.76
92 340.00
59 346.52
96 578.69
97 543.43
28 255.15
77 423.80
30 347.30
37 550.48
79 681.77
88 591.76
94 677.54
12 195.62
71 845.15
40 246.31
24 923.51
30 750.66
14 159.00
30 733.55
64 630.83
78 377.97
63 881.03
7 202.12
17 566.38
55 818.01
95 193.32
79 841.24
69 643.11
77 741.53
61 403.62
47 635.98
74 721.56
44 765.02
33 230.23
62 613.95
40 130.36
30 463.12
35 397.51
56 198.44
73 825.00
89 391.58
65 861.37
50 979.96
13 586.02
73 536.91
38 774.86
73 865.21
42 809.65
57 616.82
76 206.40
98 404.91
4 280.45
3 681.53
1 857.40
12 442.84
82 379.89
31 838.86
70 208.29
92 602.14
23 707.88
24 604.44
65 127.35
76 388.01
60 288.31
83 893.97
21 502.85
16 718.26
32 201.16
85 110.11
68 381.23
43 526.83
56 369.70
72 300.94
14 699.56
99 234.92
31 805.66
74 385.86
48 553.48
3 677.14
42 431.58
37 861.52
70 379.39
2 257.96
6 447.99
97 657.08
53 823.01
76 894.31
56 196.52
72 905.26
9 191.49
49 365.70
17 869.55
8 484.03
46 116.54
34 202.71
56 176.48
62 948.93
16 510.90
61 384.13
45 460.77
75 119.71
67 616.61
24 988.57
56 323.17
59 685.32
37 246.74
51 471.03
49 278.79
77 966.13
25 203.33
27 300.05
74 894.71
45 957.18
48 946.00
72 743.36
53 170.01
15 173.02
38 609.88
1 819.15
21 692.24
80 161.85
25 822.25
79 811.83
52 377.35
90 324.44
61 976.74
3 511.26
29 206.17
33 109.06
97 202.42
34 596.09
61 502.32
7 466.45
29 662.27
69 806.79
5 439.69
60 401.68
78 846.77
82 896.25
46 764.15
36 828.83
85 118.87
63 266.08
61 438.37
97 667.67
35 260.91
30 946.90
48 871.09
73 286.72
54 782.10
87 780.57
38 805.41
10 716.22
81 637.31
16 173.80
53 362.31
78 820.43
19 196.65
50 772.74
59 205.12
66 521.81
56 594.48
82 422.09
35 884.18
7 722.73
77 801.71
80 930.91
58 298.96
29 790.86
62 795.23
16 367.60
16 223.70
17 957.03
72 846.99
7 967.66
99 725.77
79 217.24
64 871.53
97 443.36
9 180.59
99 647.07
82 424.48
21 911.36
91 864.58
35 231.26
10 330.86
76 987.55
8 895.59
72 507.89
22 692.03
14 251.81
78 362.34
76 373.64
7 251.81
32 234.91
36 578.65
87 351.47
21 642.52
37 358.85
18 373.33
51 350.69
9 511.80
34 516.21
65 507.14
53 587.41
10 578.32
92 430.51
22 210.32
41 801.00
11 741.16
92 879.13
36 653.48
25 289.26
84 190.54
11 150.44
82 695.82
82 783.61
66 645.07
25 466.73
36 312.02
14 435.46
9 364.02
23 613.02
61 801.45
51 922.31
57 929.47
78 307.85
43 569.39
26 264.76
72 922.01
94 369.30
14 257.87
33 594.35
6 275.28
99 863.38
22 940.97
20 917.84
24 295.73
62 631.93
58 364.32
91 577.21
35 205.56
49 489.03
44 685.77
100 265.39
5 543.21
13 602.44
23 544.96
7 504.47
71 783.33
51 620.88
3 464.52
25 378.80
50 124.01
93 748.97
76 523.45
81 528.09
24 980.57
32 273.85
78 697.18
50 536.42
10 466.83
37 169.12
25 220.37
99 372.35
93 751.40
61 690.61
95 462.81
18 797.77
71 300.41
82 464.32
21 106.95
15 327.76
53 589.78
54 323.70
95 228.51
76 207.59
74 567.22
89 466.33
23 783.42
21 880.68
22 109.39
92 744.39
52 527.08
96 547.70
53 831.83
30 257.17
26 712.59
11 603.37
7 364.06
47 837.66
77 272.68
10 753.57
10 477.04
77 936.88
42 149.86
8 749.28
56 674.79
27 967.37
90 609.12
6 577.51
7 581.57
99 693.20
72 986.88
45 980.54
98 206.35
75 239.08
72 597.51
50 993.64
67 241.87
44 486.91
40 579.87
86 734.81
50 414.73
74 494.00
78 430.60
9 971.60
50 405.06
95 844.36
7 683.15
81 935.91
81 725.64
100 582.12
10 410.80
57 697.54
74 453.13
16 767.79
31 563.53
67 362.53
98 583.88
7 222.89
43 796.34
12 143.07
20 414.13
57 309.40
12 898.71
43 282.77
100 858.34
30 476.45
75 898.65
33 903.68
100 580.69
3 795.19
35 459.92
12 833.16
69 210.75
61 579.16
52 653.97
86 481.66
32 419.39
68 390.68
93 511.27
41 416.70
22 442.46
14 137.29
94 149.63
73 522.22
66 704.74
82 440.03
83 507.90
45 134.04
38 717.20
48 806.74
87 147.11
87 141.51
66 791.22
18 802.29
94 481.25
13 136.98
79 249.39
62 591.34
19 367.18
80 616.15
49 261.61
83 583.00
71 923.60
46 768.19
100 121.59
55 845.61
54 836.34
62 653.11
65 480.70
82 894.18
29 558.93
7 690.71
64 961.18
53 719.96
35 906.78
78 730.00
47 396.35
3 641.83
8 831.21
62 615.59
10 603.15
3 802.22
55 240.76
89 557.16
57 135.37
54 655.05
77 989.07
75 891.45
53 226.67
19 784.64
48 791.23
84 487.05
10 203.52
75 443.40
40 532.95
67 982.09
94 859.62
26 541.80
12 799.09
89 775.20
16 403.52
35 881.27
71 595.41
68 268.82
4 995.22
88 529.71
65 478.58
22 874.65
76 218.66
8 349.04
83 733.80
21 263.71
34 718.74
67 998.24
8 105.52
35 730.56
74 620.27
47 229.40
89 916.41
52 151.61
43 106.20
88 123.24
30 408.74
18 165.94
92 947.83
77 321.19
14 408.68
7 906.01
45 980.09
33 684.30
26 731.35
19 585.40
59 529.56
14 296.47
69 490.96
22 596.80
77 756.85
73 572.46
78 961.01
87 594.19
46 209.85
14 375.90
9 775.25
16 855.99
55 794.14
69 590.91
64 736.54
87 793.22
37 391.75
1 726.86
1 812.43
46 747.64
5 785.07
90 559.29
82 841.52
8 651.64
44 252.92
9 208.43
27 923.15
51 213.28
11 411.43
71 736.80
49 230.69
36 466.71
53 583.21
71 639.06
41 773.43
2 742.62
17 377.49
25 347.46
34 972.11
82 537.25
26 861.59
90 484.34
95 501.26
49 189.28
48 687.98
15 151.64
49 541.74
32 930.07
19 590.39
30 285.85
8 954.90
7 915.75
13 773.09
100 101.82
48 978.32
80 327.68
44 102.25
35 307.44
28 263.77
51 730.64
54 285.76
22 413.34
36 132.56
47 597.24
83 314.70
72 482.89
3 671.44
75 423.00
33 622.47
38 148.49
3 731.41
83 410.71
92 390.34
83 277.78
19 148.67
51 178.16
27 383.72
84 891.03
24 232.66
78 571.33
82 440.88
92 750.73
51 794.41
90 447.82
5 906.90
30 253.04
68 171.11
39 931.28
33 490.95
32 996.22
43 730.26
80 860.77
56 368.23
39 356.59
12 950.73
35 571.60
23 337.78
40 289.87
13 680.70
66 680.45
37 678.47
28 842.00
32 952.05
4 393.48
7 979.87
72 609.81
53 531.27
71 931.61
88 614.27
47 624.29
40 897.81
47 919.49
74 966.74
57 835.88
51 141.22
68 624.48
47 306.78
44 477.42
95 356.22
39 416.16
47 389.64
15 694.63
19 232.69
30 367.42
82 422.78
74 516.51
52 153.66
33 476.63
28 216.04
76 965.83
59 691.34
41 439.15
80 603.41
53 702.56
35 165.91
2 308.38
83 303.74
77 275.10
8 882.23
64 680.83
87 474.85
82 801.55
54 971.88
30 942.88
52 133.65
89 673.98
28 647.40
15 884.70
34 954.11
30 880.12
56 459.03
28 193.17
47 815.40
57 154.75
59 253.50
11 954.51
43 838.41
46 553.55
2 646.40
22 850.77
36 743.74
41 495.93
9 793.93
19 959.30
47 984.47
57 547.03
9 961.05
89 649.03
38 887.33
62 672.36
77 589.42
27 381.81
89 296.66
57 949.71
73 828.93
80 885.11
42 347.93
16 631.74
97 192.23
4 936.76
79 726.18
16 393.03
24 483.06
27 440.45
13 386.04
40 177.23
65 204.04
29 411.71
17 828.10
72 275.02
53 141.86
36 993.64
70 758.73
23 678.43
83 448.46
82 903.62
63 520.95
70 393.80
35 423.71
87 451.07
52 230.24
18 312.75
9 983.70
7 737.78
27 628.18
57 287.25
65 715.32
96 762.93
40 963.54
26 992.02
11 152.61
100 846.23
50 728.50
53 303.87
54 593.04
9 722.75
38 472.42
7 688.30
3 724.06
88 103.22
3 664.28
64 474.85
25 616.28
84 173.63
18 862.47
37 951.08
25 663.00
67 290.99
16 676.13
71 261.92
52 850.12
94 109.24
71 375.59
23 227.56
46 728.61
60 154.76
64 179.28
10 286.46
77 143.82
45 812.79
88 650.34
83 598.11
86 546.96
49 221.78
19 652.50
74 188.02
99 738.21
91 639.71
18 454.46
78 461.28
20 753.76
55 599.41
78 411.67
58 185.79
10 451.89
43 963.60
72 135.61
22 347.44
21 362.48
9 772.23
52 506.48
45 193.55
53 720.28
22 543.61
96 773.33
12 691.03
96 249.61
97 859.99
51 206.69
55 833.23
79 969.01
41 526.30
34 370.67
24 242.45
23 314.02
5 527.73
6 746.34
56 859.32
77 503.28
15 273.70
41 957.67
91 571.03
73 283.12
30 940.30
27 883.33
73 404.82
58 153.24
93 817.33
29 597.85
25 417.21
35 217.03
25 363.25
61 584.66
73 839.76
56 929.27
32 173.82
45 955.84
22 753.71
11 748.71
72 863.86
71 378.82
47 950.11
49 440.30
100 669.25
80 849.13
46 557.46
61 416.95
89 629.37
66 885.19
97 445.64
26 238.87
8 658.05
31 342.11
19 132.31
71 521.51
56 582.42
59 143.85
46 276.62
29 805.05
29 454.03
31 791.57
58 254.14
70 748.73
64 870.99
38 314.90
49 259.51
67 327.82
91 941.00
19 716.97
13 706.15
52 961.51
64 376.15
39 556.32
77 708.38
21 106.02
30 778.72
9 942.21
10 961.39
61 930.22
26 524.84
80 609.18
94 116.91
57 304.35
43 446.35
76 377.44
68 596.98
41 167.09
32 462.63
63 830.00
99 912.68
46 643.74
100 127.21
10 406.93
82 328.57
17 675.39
44 633.22
57 146.31
69 369.68
43 159.17
21 598.75
70 194.72
34 173.30
89 324.83
92 432.03
55 199.39
72 995.44
52 388.82
38 465.68
1 239.26
1 526.90
18 932.38
76 767.63
39 543.61
11 325.07
61 473.85
58 665.89
78 925.37
2 354.14
30 676.35
25 809.36
14 122.65
66 862.37
79 383.45
14 464.41
18 227.20
72 707.88
2 142.51
31 422.09
34 907.13
64 914.85
98 907.51
68 279.94
72 996.58
51 954.70
18 342.89
42 785.11
36 349.99
82 327.17
63 203.10
67 276.53
86 193.63
26 144.69
45 177.73
7 148.11
62 893.45
48 360.54
43 558.44
43 433.84
11 440.40
43 912.33
22 390.35
30 913.46
40 624.55
12 181.58
66 806.49
27 503.65
52 836.27
80 520.89
40 956.98
51 263.34
26 187.48
100 328.15
25 687.18
5 937.51
16 984.63
5 233.45
40 235.09
23 278.13
89 447.84
21 413.80
61 540.28
92 918.41
78 512.08
95 110.12
85 926.67
64 350.27
44 999.15
50 724.44
79 104.18
4 505.99
91 193.99
78 499.35
98 198.33
56 811.76
93 886.60
64 792.86
85 504.36
26 211.30
46 810.32
49 369.56
4 263.51
93 595.91
67 476.58
39 580.89
89 720.78
59 816.57
55 473.09
50 919.75
23 123.83
83 624.58
26 792.13
44 263.96
33 471.11
97 524.34
88 546.98
85 291.00
51 963.45
48 541.35
50 150.67
38 405.13
96 497.13
16 182.75
72 190.95
85 204.88
8 463.94
72 258.97
88 956.84
27 226.17
24 579.61
18 655.59
16 333.52
42 547.24
85 980.72
33 882.68
21 913.41
70 991.66
98 525.58
16 685.41
47 704.46
30 190.50
44 202.24
57 294.62
28 192.39
69 391.60
13 745.69
44 861.10
69 567.18
76 176.36
29 667.50
1 941.23
21 725.64
25 557.79
83 789.71
100 110.60
99 601.32
72 622.29
43 601.35
41 727.94
14 573.73
16 628.65
65 922.79
7 334.88
92 259.75
92 715.60
100 995.13
28 742.57
95 206.07
45 662.12
60 312.18
5 850.69
13 178.35
53 896.74
82 225.17
75 595.86
79 570.41
46 267.54
74 322.73
77 222.88
26 123.80
41 328.77
96 194.27
33 396.38
82 164.41
57 904.87
30 984.06
36 909.45
10 483.13
19 874.19
24 522.10
85 265.91
78 946.17
18 137.33
59 928.80
59 169.04
26 784.98
23 837.55
11 692.41
84 687.23
94 856.74
37 316.31
45 239.62
16 993.72
9 165.07
2 114.29
33 583.61
56 199.67
100 225.13
8 336.47
57 681.75
90 643.27
55 481.43
64 817.38
53 221.54
2 387.54
84 866.85
1 889.40
14 304.46
60 303.48
65 629.75
47 590.10
39 293.39
2 864.66
62 991.51
2 489.74
49 849.80
40 940.37
73 566.33
32 938.41
83 814.40
13 147.47
44 228.48
72 998.03
37 393.88
23 123.17
74 474.03
89 403.37
33 157.47
88 988.03
23 669.53
53 983.61
97 317.33
82 511.13
64 305.89
43 801.92
48 283.44
63 301.63
34 466.46
12 253.26
64 477.11
63 642.20
27 693.64
83 738.51
15 884.80
54 136.38
51 661.51
20 384.13
6 178.29
15 485.46
30 910.73
99 325.85
27 896.78
1 832.13
97 901.38
37 776.39
49 334.74
30 399.32
81 223.30
9 764.48
96 476.28
85 211.18
45 598.30
94 820.63
27 665.64
97 178.42
80 632.20
79 963.77
56 223.90
22 844.97
90 167.83
96 977.14
24 868.79
49 979.82
6 229.33
87 833.47
72 295.69
6 812.82
87 170.75
35 536.62
63 126.07
95 528.55
45 219.58
43 422.34
95 686.67
25 264.35
75 542.27
39 931.33
30 915.30
72 708.01
39 560.19
24 633.36
59 809.90
78 297.90
43 457.28
6 182.94
81 768.49
55 517.01
23 301.04
5 130.42
58 704.60
56 268.44
12 912.73
77 102.86
51 714.25
63 417.32
47 756.48
25 121.63
96 815.58
36 783.19
90 713.11
24 177.14
9 769.83
31 721.43
91 305.09
80 322.47
5 909.98
51 261.52
8 873.64
100 232.83
8 770.80
83 865.52
80 370.57
81 241.33
92 427.42
20 502.48
22 679.52
71 169.14
72 366.81
63 746.48
22 444.67
77 557.91
85 794.92
25 441.78
32 884.48
39 563.19
77 978.50
89 695.58
79 761.82
38 702.99
87 960.48
97 310.29
80 318.61
63 898.43
29 949.65
40 121.14
36 415.15
53 525.44
58 763.08
46 937.32
98 990.06
68 622.06
79 623.47
49 322.60
78 493.64
21 421.51
23 530.55
68 280.15
14 238.45
96 518.72
95 967.32
37 437.93
48 825.41
71 399.17
28 117.45
8 832.53
25 467.59
90 753.04
85 890.56
52 595.65
98 266.21
45 338.96
1 508.66
98 584.11
68 509.95
69 984.74
100 398.14
32 518.27
49 566.16
22 256.63
58 413.25
47 179.09
87 504.73
69 335.73
75 461.25
27 923.60
54 664.91
83 640.53
96 182.73
62 287.69
18 811.64
43 306.27
81 303.46
43 411.17
88 185.55
61 338.01
100 263.35
12 480.55
64 851.96
19 241.32
99 551.19
21 871.24
89 151.28
