6000 100000
13 853.17
68 530.63
69 877.77
59 747.06
46 179.87
85 257.16
21 806.54
34 867.44
76 681.80
70 802.52
46 395.66
43 491.55
18 567.03
44 581.84
81 367.52
96 288.70
19 206.38
41 366.90
89 944.36
60 161.34
41 126.85
63 700.36
45 866.95
73 268.15
22 341.35
59 222.54
81 361.18
75 735.20
4 918.11
41 286.95
95 152.71
64 542.23
7 188.09
45 405.44
40 692.98
13 848.40
13 664.85
72 744.14
43 237.59
95 130.02
93 428.16
38 866.93
71 305.98
52 629.25
80 106.41
63 858.24
7 966.42
73 646.29
9 977.72
33 190.70
15 682.21
66 410.50
18 125.53
14 221.52
34 451.27
23 226.82
77 935.73
90 162.61
18 983.06
60 447.38
68 462.51
4 107.59
63 445.51
67 196.13
52 485.03
29 357.61
90 657.76
42 226.66
99 711.92
95 168.26
34 121.90
63 985.33
5 223.01
28 308.08
52 129.25
75 859.28
71 625.09
38 159.81
97 890.81
53 645.51
50 406.87
10 453.84
79 499.01
93 342.74
51 120.23
13 421.21
42 500.42
44 422.64
58 118.56
85 710.71
72 773.50
16 380.67
90 691.66
30 514.70
84 740.42
67 307.61
49 977.88
5 649.97
92 136.67
64 478.80
96 350.96
39 701.56
2 666.76
40 929.89
94 938.11
20 750.72
100 683.74
98 751.09
41 799.49
50 981.18
44 193.94
8 572.33
25 292.54
87 372.46
91 702.01
53 921.66
43 235.09
79 719.93
55 755.64
54 307.07
66 516.93
77 262.02
15 942.40
44 607.77
25 820.16
78 309.63
92 793.15
42 610.99
30 133.31
45 101.50
59 373.34
69 782.96
65 719.34
74 906.84
51 741.79
24 891.99
36 424.34
82 459.87
59 895.06
7 143.41
44 140.16
86 381.41
55 186.28
36 745.74
3 536.75
32 533.24
30 360.07
3 141.25
66 884.06
85 325.67
16 851.70
58 635.13
31 675.14
57 135.28
18 736.65
97 233.21
75 783.36
74 681.64
48 861.91
65 128.14
5 176.30
17 100.44
34 478.23
29 605.16
82 591.11
70 660.47
27 889.21
57 604.82
27 421.53
92 697.90
32 167.85
34 551.28
65 694.22
31 354.31
70 808.05
37 110.35
36 936.94
9 820.76
73 351.88
4 723.09
74 355.26
39 102.56
25 604.29
45 703.70
39 114.79
34 582.73
59 596.36
8 557.32
96 654.03
71 319.41
61 430.73
67 438.08
69 125.96
27 650.55
43 230.89
47 659.35
10 630.29
24 783.37
6 741.69
69 270.62
36 714.58
80 990.73
52 492.76
49 957.56
41 410.60
83 362.87
44 848.50
59 889.89
79 534.81
45 592.51
56 377.44
42 701.16
100 532.18
55 497.79
11 529.99
56 620.40
44 179.49
35 504.05
88 156.97
25 784.09
56 961.71
71 162.74
46 514.00
46 417.20
31 774.29
66 928.33
93 311.98
19 405.22
46 211.73
71 582.86
79 956.40
7 986.38
3 537.21
26 889.00
10 412.24
97 131.33
82 410.63
50 916.21
91 224.28
84 485.93
75 751.99
72 219.58
79 385.23
18 480.33
68 429.20
37 553.63
81 442.05
26 899.44
94 778.34
98 418.62
45 415.48
72 289.22
6 158.01
61 716.45
32 456.33
63 207.34
82 133.90
12 791.08
49 536.03
63 617.63
98 547.15
84 760.90
30 971.21
25 410.07
39 804.04
67 510.01
15 869.36
46 623.82
94 478.80
62 843.81
42 450.43
50 159.45
53 783.86
66 360.20
59 582.97
83 991.64
29 967.08
20 498.59
48 374.10
82 882.85
83 906.69
78 821.01
49 874.29
67 446.65
8 116.62
34 956.72
60 286.21
94 315.93
79 412.58
32 275.39
97 264.74
96 429.59
31 848.01
45 371.45
75 230.96
94 975.82
92 987.60
19 255.74
34 411.22
86 841.04
70 175.35
65 663.00
1 200.22
25 132.47
47 920.36
55 855.82
48 316.85
96 639.58
44 855.28
99 339.56
91 479.07
99 565.63
7 490.77
1 267.54
61 633.16
27 250.33
96 882.25
10 758.93
16 666.52
5 148.06
79 322.20
68 937.28
32 702.96
61 552.35
24 739.19
17 299.75
62 830.18
41 885.03
99 891.04
45 720.14
28 352.98
78 302.61
10 258.53
56 147.40
33 574.08
60 433.07
58 728.77
95 212.28
54 530.77
75 250.69
33 263.18
26 178.23
99 664.95
17 649.83
31 277.55
64 234.54
81 403.23
46 224.01
25 276.47
70 274.39
88 651.15
2 823.74
83 191.04
10 627.19
11 315.93
97 295.94
93 117.69
4 800.43
99 805.28
43 173.42
86 288.06
85 392.60
67 974.88
8 468.12
13 399.94
25 344.36
18 624.22
61 765.05
60 262.88
22 752.04
72 538.03
83 651.93
8 671.75
9 561.41
12 365.88
5 593.44
37 284.38
23 185.17
75 262.49
41 196.49
29 711.68
57 810.90
18 603.86
73 187.05
42 268.30
91 158.75
58 327.33
81 946.18
41 539.02
21 403.25
45 599.87
85 345.55
96 156.56
53 431.35
15 615.03
71 433.72
48 674.63
28 312.50
5 162.48
59 137.88
34 242.59
21 993.01
64 169.25
15 511.11
63 530.92
55 477.08
77 877.73
29 700.67
11 927.00
86 473.97
18 290.22
25 642.00
86 490.34
70 224.85
13 200.90
60 548.15
45 797.47
71 261.47
72 267.11
47 430.71
63 742.06
8 576.49
44 807.84
2 444.49
65 874.98
66 119.38
8 463.08
84 776.62
37 319.91
44 482.95
1 614.13
92 488.92
13 651.98
16 669.07
27 494.19
78 243.66
90 715.97
74 587.20
2 719.12
6 224.72
56 353.35
52 631.34
36 425.28
38 855.24
41 335.90
60 121.39
2 529.33
56 255.72
61 150.34
78 417.07
62 974.17
32 627.80
86 168.89
23 234.78
75 295.46
7 740.37
29 933.74
57 925.02
10 747.77
77 796.31
54 543.94
70 717.46
57 183.91
98 972.38
32 515.61
41 727.93
64 660.81
63 805.94
89 584.22
43 511.70
75 629.28
65 534.21
7 249.58
44 869.55
40 428.68
56 833.05
83 541.33
60 413.13
45 503.63
87 461.65
46 607.64
41 290.56
29 944.49
36 363.05
99 575.80
44 688.67
60 827.47
45 828.43
87 226.39
91 713.75
52 344.20
15 838.34
76 625.29
44 778.89
33 800.03
77 845.66
28 480.90
51 736.91
44 844.58
66 494.49
62 941.65
98 134.64
94 661.93
4 536.24
100 865.41
4 916.94
21 707.83
8 570.83
7 461.83
87 441.99
53 376.83
66 132.58
47 617.04
46 298.90
10 522.40
1 471.78
3 801.18
29 874.45
20 343.47
7 640.50
86 495.43
49 464.26
56 128.28
64 244.40
66 370.32
6 653.59
46 519.99
80 180.32
66 274.44
63 355.45
75 514.33
25 316.40
6 696.47
39 516.76
74 666.71
75 711.37
96 968.53
36 907.90
20 151.01
26 924.02
65 970.55
22 468.29
16 372.93
58 115.43
87 762.22
18 880.04
1 369.50
33 474.22
64 716.66
67 201.81
17 407.75
100 199.95
55 452.86
91 795.77
66 272.37
36 115.87
32 693.40
87 843.45
80 694.66
67 960.80
36 811.78
72 616.51
78 362.07
51 912.49
95 439.64
22 452.58
89 640.23
96 768.37
13 453.48
89 456.56
85 702.55
65 504.60
90 951.34
60 902.82
70 638.12
26 127.74
85 835.73
35 407.55
33 110.81
38 155.90
83 254.63
59 588.03
97 635.32
47 287.75
51 334.31
59 448.65
91 992.76
73 344.05
40 356.02
32 485.21
1 794.78
20 407.44
58 852.06
8 330.90
65 893.58
68 999.18
24 586.89
39 658.64
90 503.26
85 997.03
73 497.82
69 326.98
67 395.68
3 598.36
65 847.16
77 939.83
56 504.33
93 731.25
33 158.22
22 844.05
46 311.91
91 221.62
78 737.13
41 390.94
68 469.53
72 356.74
26 992.22
99 545.95
2 612.84
45 446.56
32 417.08
59 195.55
30 896.31
3 777.62
11 592.23
89 994.51
6 471.60
63 842.92
33 452.62
51 219.44
20 822.48
21 716.23
24 694.34
74 433.36
15 749.70
100 227.02
23 850.73
41 784.06
13 918.16
15 821.61
85 559.72
77 376.13
35 767.75
58 410.07
57 730.30
82 235.71
14 887.75
96 766.97
91 481.49
58 245.69
38 127.26
46 209.99
16 132.67
8 899.11
47 801.41
48 406.14
18 923.17
88 752.39
72 930.78
52 836.56
82 117.18
87 784.62
98 526.65
90 271.53
35 399.30
25 356.63
14 497.99
51 856.74
91 876.47
94 351.50
41 983.90
41 629.27
27 219.78
40 233.02
4 800.88
92 850.63
96 596.28
16 777.77
8 901.48
98 990.63
93 927.12
99 693.50
72 294.67
28 416.37
43 307.05
9 701.89
43 507.09
86 927.36
42 409.22
49 984.79
11 655.35
3 398.13
59 543.99
44 993.14
98 606.75
67 755.36
51 526.11
93 498.65
17 169.86
47 234.41
72 927.96
60 907.10
13 995.94
50 323.25
11 484.56
64 572.35
79 167.57
89 987.48
36 707.54
79 828.54
19 129.29
68 161.95
11 188.65
12 743.07
17 636.53
72 414.10
28 450.54
68 853.27
32 937.82
24 722.51
14 543.98
74 876.28
57 224.99
95 390.96
100 493.00
21 489.46
29 182.78
52 448.20
88 414.36
63 546.22
99 189.87
4 351.02
36 747.49
27 157.00
12 344.43
27 940.24
93 128.43
21 373.91
64 616.06
93 597.40
67 588.77
11 627.56
47 316.18
18 496.91
52 909.51
44 177.58
7 596.91
16 292.36
99 274.57
48 923.29
46 671.42
55 868.70
4 502.60
52 169.81
29 751.37
49 339.98
15 710.81
99 149.51
37 603.83
68 844.24
38 639.75
6 132.80
51 206.56
52 128.85
60 196.96
37 251.74
65 871.10
88 689.03
59 431.75
28 552.90
29 291.31
22 698.43
30 765.88
22 695.58
95 389.32
62 764.35
55 749.40
94 321.54
14 673.26
11 623.35
99 303.58
35 536.66
46 550.17
75 898.86
10 770.79
2 926.05
75 576.28
8 508.86
98 295.24
82 188.28
80 604.68
50 750.14
85 771.57
85 806.31
91 399.38
78 551.30
54 764.33
83 169.22
20 589.57
19 318.97
38 854.49
40 475.14
60 495.06
53 431.75
80 960.68
27 392.18
21 302.05
87 247.98
18 262.51
54 183.79
91 505.83
57 446.90
9 130.09
13 449.05
72 788.58
57 591.61
53 863.15
23 469.74
33 924.45
67 712.86
58 428.22
83 844.55
6 489.26
83 826.89
79 587.15
38 708.19
47 936.24
18 324.03
29 195.88
45 525.08
4 695.38
80 355.80
30 601.44
71 123.43
61 892.72
50 745.02
53 116.50
33 893.76
51 873.61
34 945.32
88 967.86
82 571.25
99 826.43
97 741.64
1 363.67
85 241.09
2 851.84
58 167.91
78 348.81
55 880.67
82 273.39
11 508.92
24 977.96
33 485.98
36 471.57
10 686.57
51 610.68
3 451.88
26 548.84
64 335.37
10 363.81
74 292.98
13 652.02
53 158.68
47 938.03
63 173.54
23 684.21
46 410.62
2 652.44
12 734.54
57 561.81
23 306.39
65 872.73
29 686.59
47 803.70
11 349.46
27 617.61
97 314.51
84 793.41
50 546.67
20 538.96
90 814.30
25 500.27
8 134.15
52 228.99
79 589.49
6 498.19
93 618.13
38 279.44
77 514.59
13 218.23
99 577.05
25 614.73
32 104.07
37 770.14
29 345.35
43 339.28
13 408.01
10 780.18
66 149.59
86 542.51
90 628.45
71 180.95
97 586.78
24 367.60
80 309.29
24 720.91
31 229.19
4 911.61
23 598.24
28 502.49
82 465.10
29 613.08
70 900.13
93 935.25
81 494.43
44 517.74
13 124.03
42 146.23
34 693.21
74 348.91
65 544.53
65 191.85
36 305.15
17 211.28
12 234.77
7 796.35
21 434.37
10 702.17
94 866.14
21 120.97
18 776.24
15 531.67
38 538.07
60 160.30
76 569.54
83 766.66
89 343.61
47 697.17
37 856.02
53 242.16
77 981.56
85 159.80
46 122.43
31 755.69
13 542.40
15 810.34
37 497.47
18 726.85
36 328.18
35 515.76
90 612.10
90 690.95
2 915.85
100 304.10
96 828.42
42 175.83
31 227.26
27 180.51
83 405.12
10 504.26
70 883.31
39 903.96
11 668.07
28 594.11
16 257.34
50 818.74
98 390.67
61 801.69
51 272.81
85 398.77
89 209.45
64 515.82
51 259.34
36 613.25
80 822.39
17 752.60
34 354.97
31 477.03
61 808.71
39 563.49
86 215.84
10 169.56
71 271.79
87 382.16
11 320.65
23 107.55
71 691.67
62 816.74
62 375.19
86 507.66
67 757.50
44 127.27
57 323.70
98 357.96
47 931.15
35 483.40
21 515.87
32 491.90
18 742.23
28 792.86
72 230.44
68 861.55
96 956.78
76 723.53
2 291.34
4 540.52
83 113.82
10 212.43
93 105.81
78 930.91
47 663.47
34 978.82
67 254.85
78 631.86
74 802.35
13 744.69
76 787.25
16 489.55
61 773.06
5 391.44
82 448.58
28 835.09
69 184.48
72 531.41
39 531.59
13 124.67
13 811.33
6 111.34
83 455.36
25 555.59
64 986.79
57 578.55
3 673.28
83 155.25
19 202.94
14 332.17
31 883.83
84 117.93
83 276.22
74 786.74
93 220.90
5 660.18
12 170.59
72 545.70
54 213.38
83 359.44
58 226.67
73 521.48
57 801.31
85 482.92
42 516.16
61 817.31
20 476.56
64 921.78
82 172.74
5 516.74
7 600.21
1 247.15
54 650.56
64 654.00
63 891.90
62 539.24
66 717.90
16 931.24
29 808.12
62 118.39
39 426.12
85 866.79
4 855.17
33 869.17
7 644.31
90 109.53
6 398.92
20 296.33
60 158.97
36 821.53
74 553.66
44 328.99
30 669.40
69 535.38
19 469.76
96 699.43
75 627.33
69 393.58
8 136.23
5 920.45
19 378.16
34 959.87
15 995.22
7 816.03
38 398.05
74 481.09
59 791.39
32 242.94
18 743.43
64 857.16
11 536.40
52 204.89
73 433.49
19 944.95
69 466.43
66 592.87
5 967.38
88 443.74
98 425.00
18 437.76
63 740.92
56 200.14
56 408.44
59 362.58
10 366.22
80 278.71
77 659.23
98 217.03
81 778.67
55 885.14
53 565.87
9 196.86
66 647.19
44 737.15
38 691.81
60 227.67
6 953.67
7 970.86
95 819.90
77 507.72
81 840.62
52 491.91
92 794.56
41 219.22
48 761.57
47 213.53
4 174.58
26 480.70
96 576.25
74 422.29
65 216.51
23 507.98
73 161.00
25 906.29
17 698.03
4 238.86
68 925.55
61 466.49
23 996.61
13 293.15
41 588.46
51 127.39
21 135.97
89 810.90
29 512.41
19 456.66
23 235.53
81 530.30
29 964.51
9 491.34
89 332.06
79 891.65
54 853.23
7 796.97
20 436.87
12 252.67
77 943.20
43 795.90
54 461.30
95 973.06
33 228.85
24 470.12
18 333.84
20 133.97
87 997.25
85 422.55
27 392.07
41 549.92
61 183.72
43 863.29
58 543.97
24 296.56
41 869.55
66 305.46
78 414.14
67 125.84
63 372.48
93 949.72
52 620.08
14 542.18
75 488.89
43 525.82
64 892.01
83 102.22
40 375.38
20 353.44
14 756.19
1 774.29
44 755.92
38 489.88
68 194.56
48 775.69
37 932.32
98 384.36
83 594.99
61 354.66
19 504.76
73 970.93
10 775.17
61 650.83
9 484.66
39 744.38
17 261.72
60 255.16
42 837.14
88 401.12
85 800.57
55 426.64
17 413.22
93 246.49
15 277.19
69 618.27
56 333.43
54 261.82
20 628.59
81 669.71
21 993.27
56 422.47
48 505.22
3 923.38
75 409.17
33 650.07
45 963.78
30 243.26
48 317.69
2 233.66
94 804.24
67 869.63
97 915.80
82 712.06
32 821.28
82 558.84
55 731.34
75 737.74
60 487.83
73 300.47
74 601.29
56 986.02
52 800.08
27 412.34
91 438.06
67 312.89
27 780.00
31 992.59
52 896.99
23 776.87
17 364.87
53 565.19
38 801.82
66 622.40
59 697.47
38 733.59
89 805.99
84 628.55
99 269.98
35 841.28
35 687.56
47 888.11
87 940.57
42 781.04
62 326.93
4 268.03
8 432.44
24 491.97
41 706.43
5 398.53
78 498.89
56 500.79
94 317.85
91 312.49
88 804.09
43 181.73
97 831.45
3 352.06
88 824.13
58 614.52
93 855.54
40 206.54
61 353.18
35 843.40
27 242.66
86 692.22
63 650.41
54 406.98
56 397.66
82 986.14
9 119.79
73 413.49
98 904.50
86 445.27
28 372.65
52 351.00
78 367.34
99 608.89
33 661.16
12 908.90
48 556.55
83 295.80
100 947.26
48 389.11
60 582.28
29 113.69
48 662.28
31 125.06
36 606.14
66 648.28
93 177.82
45 878.97
1 689.46
90 392.73
57 801.30
51 927.70
34 500.82
29 334.10
55 736.12
39 374.34
24 891.90
54 862.42
1 169.23
85 497.07
21 677.89
36 709.34
21 366.62
41 292.25
75 220.21
14 399.40
80 745.83
82 449.46
58 588.10
45 201.48
95 481.32
9 365.43
23 299.74
65 136.44
34 878.01
31 105.99
99 812.97
20 483.45
92 766.55
63 754.44
31 516.24
95 401.72
90 104.23
19 616.38
52 694.31
34 387.94
86 691.64
55 110.63
8 535.23
2 130.51
53 944.19
57 349.73
9 842.82
76 211.20
60 804.12
15 986.09
33 309.21
78 301.06
11 333.32
51 373.75
75 833.54
64 999.05
63 980.38
29 767.59
81 954.99
7 425.89
33 444.18
19 734.65
68 408.76
57 454.30
63 572.25
7 884.41
73 958.70
91 475.69
35 546.94
40 121.58
1 821.00
4 888.50
43 637.25
2 701.51
70 785.77
96 519.59
16 689.71
70 511.62
8 869.95
17 969.42
29 283.24
60 370.78
13 386.62
54 934.69
24 753.04
1 646.76
2 480.61
41 422.38
88 223.28
34 589.72
76 947.25
59 670.59
7 696.77
85 819.80
73 719.56
69 200.69
54 680.36
43 151.74
99 978.74
53 759.01
95 565.31
39 719.92
20 440.09
7 629.58
86 841.83
37 387.16
96 572.64
21 875.37
82 723.42
40 944.95
86 572.65
10 198.85
20 252.00
30 313.92
3 305.35
55 843.02
22 927.63
34 742.48
18 782.11
26 742.19
93 699.35
40 547.72
40 251.02
56 440.63
3 484.56
80 198.33
46 606.12
73 311.95
87 790.45
34 828.28
65 686.55
40 343.59
43 901.06
95 310.03
93 141.42
47 300.31
26 589.74
95 154.10
53 158.92
52 893.54
18 922.42
56 317.21
63 311.35
95 684.41
78 423.12
63 168.61
11 396.75
53 251.18
91 220.23
3 226.59
59 431.40
25 714.37
13 415.37
52 151.29
76 655.84
10 915.05
13 879.64
43 490.09
90 402.26
100 161.73
53 654.22
56 935.96
22 463.00
38 687.09
30 854.13
1 182.67
75 222.36
76 432.32
67 159.86
34 733.35
20 847.00
35 386.87
71 809.83
87 401.19
23 661.95
96 547.44
94 433.78
40 590.39
68 647.89
64 128.03
90 575.34
94 913.29
35 790.28
12 445.98
59 171.31
58 404.20
70 766.89
48 173.57
19 834.04
83 561.79
44 385.09
55 207.00
3 281.97
87 682.28
20 854.55
49 221.05
59 755.48
33 135.54
20 426.06
73 158.59
29 811.03
24 207.98
34 827.22
93 577.13
88 249.65
99 209.72
3 810.20
40 987.10
29 829.12
3 812.98
71 477.34
41 932.93
80 453.52
10 670.79
52 448.97
16 408.93
69 191.63
91 620.83
33 383.90
16 333.16
74 182.31
68 241.06
48 182.37
88 798.52
77 549.29
16 626.38
97 299.27
25 971.14
27 425.56
88 444.89
74 579.26
44 609.37
2 946.68
50 482.77
73 839.89
18 906.07
15 361.61
59 237.60
42 135.16
44 542.64
50 920.67
38 737.82
33 364.21
21 279.52
98 348.86
71 707.95
78 187.54
75 114.74
90 983.94
40 267.29
74 310.08
76 449.24
42 747.64
50 643.60
41 721.77
63 650.96
100 476.82
50 294.35
43 971.32
19 891.20
60 367.87
13 840.67
43 144.69
12 160.22
26 697.30
32 965.67
49 527.93
81 909.61
62 601.36
66 358.97
3 576.14
67 709.43
27 477.94
12 898.75
57 721.24
91 846.29
77 474.06
40 167.18
5 624.84
16 804.70
84 758.64
31 254.55
81 346.87
74 337.92
17 448.75
44 251.79
83 240.04
59 573.32
26 364.19
94 544.81
47 374.04
99 234.48
16 251.60
53 237.36
58 695.79
1 533.27
3 423.77
78 701.76
20 777.72
8 534.42
68 987.03
75 916.82
86 507.67
92 661.97
89 173.39
80 166.97
82 117.11
58 425.09
16 601.28
10 579.14
94 614.55
38 206.17
31 104.34
48 894.28
94 186.67
36 755.51
30 893.82
12 605.57
97 847.10
61 747.66
97 423.17
10 684.62
24 814.00
29 954.94
38 484.35
35 257.55
15 174.56
40 915.68
27 972.30
32 386.70
92 476.09
25 778.93
91 220.47
92 530.84
54 693.92
51 466.47
10 241.25
67 664.25
73 179.99
93 635.45
98 948.25
45 807.42
21 227.79
61 389.76
6 259.71
49 788.40
30 627.56
34 572.97
99 415.43
62 805.36
4 171.41
76 190.45
91 575.23
1 129.25
84 197.96
64 115.36
66 778.35
49 716.01
37 470.92
20 409.92
14 102.09
34 633.95
6 227.20
40 234.15
72 465.40
36 999.38
81 722.85
64 718.31
48 616.83
18 862.84
99 461.51
82 438.03
35 922.22
97 754.36
95 792.21
57 347.81
95 779.06
51 233.52
50 307.61
81 325.46
48 879.50
60 152.53
100 411.15
28 498.93
23 620.27
75 123.18
42 796.22
99 403.45
53 822.98
10 265.42
100 745.30
38 587.91
13 322.04
20 342.78
99 662.18
78 569.95
9 741.10
29 811.65
9 567.69
42 576.12
25 826.82
43 915.30
6 258.02
39 594.17
22 470.62
63 343.46
5 866.57
42 560.32
89 932.00
58 877.47
86 513.84
51 127.62
86 279.07
73 343.42
42 953.40
2 643.51
38 641.76
54 353.86
82 312.80
98 766.01
24 805.16
27 226.17
90 558.16
16 353.40
30 930.18
49 660.73
96 546.46
78 429.95
94 444.21
64 942.35
12 372.29
21 586.18
69 909.35
64 620.08
33 568.70
63 621.53
98 652.38
49 357.76
14 887.94
47 864.52
35 406.50
21 762.31
16 994.64
38 731.25
27 715.78
45 527.83
23 895.25
36 610.91
32 961.61
6 465.89
13 766.90
35 764.42
38 518.11
78 209.75
18 796.07
99 181.26
76 643.12
14 458.20
9 264.25
53 324.24
60 469.14
72 276.68
84 198.60
37 824.91
96 205.03
38 791.33
99 184.14
31 453.23
100 803.76
18 167.57
30 609.58
1 177.42
36 612.13
38 442.36
36 239.55
22 185.64
32 620.22
24 340.93
56 156.15
63 800.21
38 402.07
38 368.83
52 888.84
42 157.06
62 427.96
62 971.75
96 332.20
51 603.39
78 419.54
76 451.77
41 759.69
6 997.52
83 620.70
35 398.01
98 831.54
59 247.11
7 462.56
84 100.33
63 922.39
97 281.55
5 345.00
74 166.63
100 510.90
72 772.20
91 820.51
68 768.57
52 537.83
96 926.05
78 621.41
64 821.09
6 403.83
5 297.80
66 744.62
21 200.45
63 540.36
31 491.25
9 274.28
71 807.16
15 120.88
69 830.84
48 167.25
22 669.21
50 768.23
18 882.60
30 720.76
74 985.04
99 810.35
43 811.38
24 162.99
16 516.91
24 649.92
47 747.84
46 116.09
24 225.69
26 309.85
91 557.40
86 422.02
5 143.63
5 379.04
22 581.87
8 709.28
76 222.82
95 661.35
69 463.51
27 765.38
9 802.67
86 342.90
20 481.98
34 102.36
67 448.81
93 432.38
62 334.06
66 298.29
52 516.05
44 177.47
45 345.75
87 209.78
55 210.44
83 885.55
34 118.08
55 135.52
26 649.09
46 206.33
60 587.51
36 562.57
13 773.67
88 741.90
8 668.07
29 393.54
36 281.49
94 855.00
8 207.99
83 574.62
51 478.47
75 367.65
78 104.63
46 140.55
52 481.88
67 815.63
1 923.45
87 903.22
90 361.92
59 345.08
50 587.22
51 665.54
54 523.93
84 254.94
89 208.68
2 549.03
61 276.86
17 756.40
29 425.57
74 786.54
58 155.35
86 577.07
85 231.08
16 399.40
12 792.62
79 667.29
81 902.78
42 251.63
90 213.07
3 430.00
38 825.35
37 495.77
83 139.00
90 718.51
99 395.05
31 416.73
82 958.94
38 638.09
12 567.82
45 405.10
78 616.52
72 162.07
59 417.24
93 972.00
86 490.62
82 184.98
62 797.38
71 168.20
93 155.49
23 506.61
15 544.50
43 356.41
76 758.44
96 182.19
74 589.07
12 723.41
73 497.17
2 643.91
9 353.83
36 481.48
52 763.36
31 224.57
61 803.66
46 348.06
67 432.18
6 808.25
56 411.01
97 960.10
19 611.73
11 208.37
21 374.42
86 235.58
2 628.18
53 500.48
3 190.19
10 115.55
90 741.72
7 305.96
76 371.25
32 866.68
64 941.83
52 377.07
38 826.08
96 219.79
3 670.21
70 106.39
39 612.63
52 609.02
83 223.12
68 885.08
91 416.49
25 293.83
41 260.52
64 165.64
52 263.06
45 586.49
79 321.74
60 721.09
89 465.52
33 726.96
97 583.71
33 658.46
91 752.60
41 652.63
15 227.99
66 401.02
66 340.19
62 288.34
40 641.81
86 293.63
27 232.64
8 259.30
4 457.01
64 180.10
49 287.09
20 384.82
45 122.17
3 345.14
65 584.09
62 895.01
66 518.47
97 827.18
40 750.09
92 120.76
27 230.92
77 451.36
21 116.51
62 966.53
20 143.60
97 603.82
5 841.07
23 580.68
52 687.33
98 327.89
31 109.46
6 934.74
66 910.79
34 499.30
26 687.18
87 359.46
10 473.54
38 430.78
76 754.65
18 275.81
69 734.73
70 397.41
58 311.37
76 985.38
66 666.63
59 733.49
8 355.56
97 480.10
50 655.32
39 300.71
28 933.41
46 353.33
5 286.02
57 870.22
93 257.45
14 266.99
35 548.70
90 376.78
23 289.31
5 183.05
61 419.70
1 802.49
22 964.01
28 361.60
7 579.19
14 958.34
73 758.12
29 609.05
68 664.27
55 833.99
8 198.47
97 978.02
55 850.60
22 817.32
63 777.99
59 179.29
95 356.43
80 216.66
9 291.44
87 331.68
99 291.45
58 298.89
23 526.76
10 782.25
76 182.64
4 791.35
69 275.71
66 176.61
8 451.04
12 993.41
45 187.03
24 159.01
42 450.94
73 741.10
22 258.06
66 792.74
76 718.37
14 916.81
66 241.00
53 358.59
57 516.04
99 349.64
22 379.71
2 485.72
86 771.79
21 317.32
38 560.30
55 455.60
46 341.22
20 238.65
69 918.20
85 809.77
86 701.83
62 742.87
71 332.29
70 355.97
94 823.01
66 165.44
87 739.24
35 898.31
97 456.42
80 949.27
74 216.50
86 556.97
65 284.81
96 120.63
53 420.48
67 664.51
64 346.80
32 882.73
80 888.77
93 880.93
87 903.86
84 937.02
7 950.59
2 395.79
61 610.78
48 497.22
19 257.54
24 429.22
60 632.79
87 622.85
4 977.25
38 736.42
84 892.12
82 298.99
72 274.67
69 992.77
58 668.00
24 769.29
40 365.77
65 334.34
46 782.52
99 619.28
30 508.96
85 937.94
81 601.31
25 761.38
88 312.77
5 407.25
97 935.33
33 442.62
33 965.87
10 455.21
48 438.09
11 373.32
75 313.17
8 479.32
22 872.28
92 339.49
15 819.90
87 873.58
31 801.15
74 398.85
85 265.74
98 320.91
10 515.89
70 519.34
81 164.61
55 794.37
78 189.08
42 930.33
92 354.17
36 438.70
57 860.16
35 111.48
65 153.65
93 611.50
87 313.54
55 523.75
23 187.01
35 919.64
83 309.05
35 574.12
86 543.21
29 681.40
34 940.84
10 606.29
84 376.09
21 752.09
26 489.57
88 573.24
47 547.06
58 361.67
72 602.12
4 187.24
93 270.04
99 520.37
25 785.50
16 729.26
81 742.37
12 441.77
10 461.40
11 802.45
23 422.87
59 746.93
54 694.13
13 174.78
58 856.33
28 460.24
86 515.68
71 636.21
13 430.73
64 916.41
89 251.59
65 190.23
1 886.67
77 147.67
16 412.08
76 163.71
67 774.97
24 799.94
48 294.82
34 932.77
82 721.71
89 511.57
63 383.04
71 759.04
48 196.85
66 723.81
4 695.90
82 907.21
79 968.82
30 175.43
30 996.82
19 342.36
48 485.94
7 691.00
93 460.80
19 829.07
12 888.78
1 138.88
88 662.14
13 890.31
70 440.33
58 599.96
88 188.06
3 996.22
70 662.40
80 874.12
65 307.10
57 792.39
90 462.64
17 579.49
6 724.49
75 970.37
47 653.94
40 709.58
75 608.42
23 716.74
58 172.31
46 445.67
29 580.47
62 899.76
83 711.93
7 861.53
14 448.91
74 972.82
6 536.81
30 862.96
77 882.41
76 457.83
18 518.78
92 203.97
81 842.00
54 691.28
2 243.94
58 843.02
22 156.07
97 918.13
74 119.53
72 905.79
94 233.70
35 257.23
9 925.64
26 609.54
46 824.89
92 880.55
47 165.17
29 662.05
45 994.85
18 237.49
49 731.97
47 225.95
72 231.63
10 472.26
28 472.15
23 839.93
90 186.26
5 819.25
61 949.70
37 605.89
23 533.07
67 892.83
5 280.79
59 462.93
75 123.34
65 757.85
24 972.96
60 166.48
69 794.70
41 207.53
53 927.91
3 695.00
58 294.55
95 318.80
78 930.64
72 890.40
4 188.68
37 352.41
74 582.37
73 771.89
72 228.94
95 727.66
18 623.60
16 315.16
65 320.01
21 497.32
87 700.65
64 367.74
70 372.66
70 158.31
4 506.58
14 845.97
93 412.98
27 344.62
42 437.09
96 511.71
39 433.89
25 327.34
14 472.59
89 386.80
3 495.03
30 690.48
17 975.17
45 120.93
93 723.25
15 752.70
68 296.57
92 922.52
16 433.71
40 606.92
62 595.49
91 221.06
88 979.61
34 437.00
41 684.34
44 984.28
65 892.13
78 632.93
40 739.33
33 291.04
50 274.73
71 137.72
4 923.68
3 160.42
32 701.81
96 103.52
2 391.68
38 819.33
58 164.95
92 586.96
53 163.34
96 623.06
98 451.65
78 567.86
15 607.60
72 359.72
16 844.94
59 738.43
52 136.91
37 359.82
40 698.99
28 849.96
40 686.35
74 837.04
16 449.87
60 251.94
93 167.80
61 978.16
76 500.78
30 964.37
44 430.39
5 437.26
6 116.08
100 365.14
98 707.85
93 659.44
48 983.00
35 600.63
11 228.11
37 215.19
1 420.59
97 407.31
50 777.55
63 692.33
51 315.53
45 680.20
43 441.26
74 251.39
11 711.18
32 377.25
42 744.35
49 479.35
39 772.33
94 136.21
31 276.40
51 361.13
11 148.28
60 707.39
96 622.40
14 668.11
40 446.89
45 756.18
68 922.76
97 312.97
93 627.96
56 393.19
1 342.46
78 142.88
35 749.45
12 980.41
8 933.54
53 859.69
100 454.09
44 398.21
26 389.43
62 631.17
86 458.27
44 999.74
11 743.38
28 208.16
93 937.45
82 944.70
31 682.98
49 413.99
11 256.08
34 131.41
99 966.22
33 401.13
59 540.56
16 729.30
53 796.28
87 215.34
65 548.62
85 300.02
19 307.14
87 587.80
96 986.29
18 744.77
84 966.63
9 748.20
78 911.37
81 490.25
4 294.87
26 895.72
11 378.70
11 359.54
17 155.04
15 834.09
31 819.41
27 950.39
98 767.53
35 944.06
67 409.91
3 935.82
60 598.08
26 818.06
94 877.46
65 184.47
55 905.60
78 404.15
16 924.44
75 648.49
20 700.05
8 115.87
93 295.90
17 278.86
34 390.61
77 443.69
23 218.44
53 529.94
10 405.64
60 511.17
77 954.99
96 766.52
35 349.04
95 341.50
91 310.33
96 316.80
97 337.31
22 563.09
97 410.56
64 568.76
69 229.47
61 673.39
72 716.97
69 643.57
48 143.70
78 319.35
15 933.88
98 568.10
96 644.73
73 541.79
48 318.95
9 649.78
87 654.31
55 179.91
73 342.85
10 659.76
61 559.82
29 168.29
35 901.75
29 933.51
27 451.71
89 517.20
73 824.24
63 916.63
72 225.49
70 495.45
10 830.20
62 209.86
5 285.73
2 822.27
18 244.25
32 190.96
11 996.20
76 797.47
70 121.65
31 859.78
48 473.13
88 940.37
82 878.39
51 401.79
3 492.43
58 638.39
93 484.31
95 798.85
45 603.12
69 827.99
52 982.73
43 110.27
68 433.13
42 388.13
94 887.35
37 265.03
28 180.36
16 525.51
5 478.63
40 472.67
3 537.39
60 546.29
23 939.41
60 253.07
87 882.89
75 915.17
15 271.10
16 849.46
31 101.50
37 548.99
89 285.66
24 413.71
51 723.06
75 652.70
89 641.07
80 484.33
21 712.24
62 466.08
46 611.42
56 232.38
29 999.24
32 865.51
31 702.59
61 209.62
98 303.03
86 196.13
59 727.30
7 182.51
65 954.61
92 371.87
72 293.87
82 165.34
64 773.87
46 600.33
82 872.36
41 629.86
52 630.43
99 716.02
18 849.16
47 172.17
50 273.90
29 129.19
57 349.05
21 239.18
97 155.41
77 155.88
92 587.33
99 705.45
7 848.84
79 971.89
2 554.24
53 319.84
15 460.56
59 870.07
16 255.55
84 111.18
69 870.74
80 497.45
78 224.04
77 772.90
32 575.53
1 577.39
90 204.77
91 894.63
80 812.39
44 632.60
51 596.58
44 163.07
2 592.19
66 357.11
44 905.97
18 538.03
65 609.02
4 546.29
18 184.19
29 305.67
47 147.37
36 817.54
34 180.52
18 794.51
8 458.90
37 392.93
72 769.36
59 265.05
94 391.97
30 680.74
91 464.51
45 619.63
50 539.14
90 130.39
18 924.08
35 381.34
80 702.12
47 450.13
98 298.57
1 737.81
97 358.14
4 734.91
80 449.86
72 602.28
10 828.31
74 692.14
40 505.71
98 502.19
40 561.69
96 703.49
16 909.71
72 904.44
70 401.22
4 582.96
49 966.81
41 978.86
77 581.25
56 618.51
23 758.41
37 294.98
95 115.43
54 782.25
2 903.72
97 500.32
72 913.58
99 889.98
25 568.41
91 521.37
15 991.57
72 558.49
66 896.46
76 155.71
93 602.04
25 505.65
18 725.03
43 705.63
65 769.82
47 561.59
21 585.30
93 723.77
51 386.27
72 502.82
38 401.63
7 683.92
64 102.08
47 978.85
71 479.88
66 680.37
74 167.35
52 215.62
77 408.50
71 236.91
52 574.68
38 394.19
23 673.64
95 191.30
5 330.44
70 669.13
37 848.19
89 780.73
62 631.67
48 909.17
55 729.82
4 405.04
12 138.46
34 474.98
1 219.85
98 335.27
69 949.82
30 762.28
92 181.76
4 558.07
43 986.02
62 391.99
68 998.25
59 421.11
18 913.96
65 884.20
23 349.51
48 325.62
60 255.63
54 882.73
24 355.75
75 521.02
36 399.85
71 208.12
90 561.86
76 481.25
24 111.69
82 557.19
84 758.38
47 149.40
59 507.15
57 770.95
68 759.28
95 172.86
91 409.12
34 393.99
86 920.15
66 821.02
73 458.16
33 299.73
16 292.17
17 420.77
13 282.21
15 150.00
96 799.83
11 213.70
2 791.80
45 857.27
9 843.67
14 967.50
24 612.50
5 734.41
96 854.63
73 710.37
87 379.24
63 928.92
39 696.80
80 433.26
100 737.51
12 846.08
14 136.45
16 630.14
23 518.56
34 821.88
94 843.15
86 312.77
9 306.72
5 800.59
100 781.01
15 146.95
33 259.17
69 527.13
47 554.48
40 616.14
4 188.02
69 358.19
26 270.48
86 851.12
34 208.23
2 152.63
77 356.58
96 575.30
47 237.64
36 252.04
12 614.01
8 426.52
69 409.76
77 843.62
3 655.29
98 159.02
17 195.06
90 699.40
74 984.66
64 968.28
67 787.26
45 717.10
24 343.70
69 298.48
49 113.28
84 242.21
9 599.23
58 935.71
88 696.99
14 622.54
94 102.69
91 846.12
8 143.15
5 265.55
70 614.33
67 732.15
63 484.45
31 216.11
70 611.46
68 345.52
47 605.63
37 764.96
35 714.79
56 740.92
61 784.84
59 102.40
24 741.88
45 109.33
25 803.65
45 765.69
24 166.47
88 805.94
58 337.36
98 555.14
77 763.01
67 673.79
22 419.55
34 614.07
10 977.28
90 732.20
75 713.88
12 132.04
77 153.50
28 580.17
42 898.36
27 514.82
68 803.83
90 212.15
25 407.48
96 581.03
60 856.61
47 163.97
49 861.54
7 672.82
45 761.48
13 599.12
96 564.79
68 761.47
99 128.63
74 994.55
90 611.89
30 308.42
1 111.98
3 591.73
36 690.46
43 258.60
13 666.89
1 221.55
35 323.20
23 209.68
3 576.30
68 652.45
68 379.75
86 710.65
41 398.62
7 932.28
64 402.58
99 715.88
79 825.29
54 389.61
15 871.00
22 515.58
59 263.46
25 638.89
78 359.02
31 408.69
35 234.88
51 600.84
63 873.04
85 205.65
71 256.86
21 834.95
43 508.99
98 412.28
57 144.63
91 754.56
57 639.36
39 638.96
23 848.76
57 357.75
36 500.45
85 312.71
21 729.23
8 685.49
12 886.38
96 461.90
71 902.48
99 527.98
100 574.38
4 518.70
48 143.88
81 215.52
12 748.83
41 852.16
72 904.20
89 996.80
9 906.66
57 586.69
74 509.62
54 447.41
8 951.25
90 415.36
99 715.38
16 455.05
76 854.43
100 328.90
7 268.47
32 217.21
30 253.54
61 909.26
29 503.03
64 183.40
95 531.17
51 160.51
5 486.41
52 973.60
82 761.76
28 189.47
60 870.58
28 665.76
20 466.11
96 959.75
92 932.31
44 527.07
55 222.78
71 706.46
98 403.30
62 476.60
87 906.86
15 626.76
32 910.49
36 537.15
16 145.48
26 715.78
78 725.75
7 164.87
90 357.18
97 939.21
11 725.59
44 377.25
4 688.69
7 878.37
65 998.75
100 135.90
44 630.66
36 314.37
95 719.07
93 605.43
15 236.43
30 737.26
79 671.38
37 252.59
87 180.91
1 726.11
59 775.56
45 336.96
74 438.11
8 401.10
98 823.02
44 584.11
12 575.15
58 745.12
6 975.82
59 616.06
6 499.68
12 578.00
17 602.19
56 659.07
49 304.83
26 415.20
1 137.75
48 686.56
94 838.52
16 873.03
35 566.42
7 636.76
44 319.09
8 291.94
73 281.95
2 153.39
50 984.34
18 125.66
14 928.94
10 264.48
97 252.31
61 107.16
8 276.71
2 513.14
88 121.11
86 324.95
83 915.92
24 271.13
72 665.81
50 698.91
22 401.84
37 737.65
38 535.11
11 715.54
90 813.53
70 116.54
47 420.41
53 883.74
49 858.15
28 813.56
68 118.83
60 273.72
57 743.31
4 736.91
44 368.67
48 904.91
16 475.87
52 698.38
61 220.83
13 964.47
50 608.82
29 561.60
73 971.81
32 996.72
1 272.18
29 934.96
38 457.04
29 628.90
71 255.94
27 853.55
79 150.78
70 152.59
31 614.55
33 378.53
41 589.62
88 632.86
5 587.88
91 287.20
99 193.04
67 156.05
95 573.56
76 545.59
41 603.86
47 549.67
97 280.03
86 603.83
51 862.57
31 219.40
33 532.68
52 839.89
26 618.77
22 470.39
93 626.59
3 567.56
74 886.06
47 532.62
17 585.28
55 482.23
28 456.60
6 788.11
73 959.22
1 467.28
17 276.64
78 882.24
86 859.37
4 355.13
70 204.52
50 962.52
25 745.93
70 162.90
85 689.91
47 169.37
6 834.68
99 723.94
17 733.55
67 362.63
92 126.99
25 990.26
86 314.28
5 998.19
88 107.36
62 586.18
76 582.84
13 493.74
100 639.02
68 108.53
34 225.05
22 221.80
47 513.80
35 187.46
48 834.96
52 183.16
17 660.86
58 791.57
55 109.13
66 946.31
35 140.67
21 961.58
20 835.83
72 804.16
91 263.32
12 247.16
71 563.66
86 989.92
96 254.13
61 454.90
64 362.38
78 428.35
6 186.66
46 154.18
16 831.35
74 743.02
6 913.15
68 430.89
57 867.43
97 833.26
61 387.16
73 850.54
26 942.18
88 324.12
18 674.27
60 739.27
85 258.11
46 866.36
84 783.40
81 269.82
78 487.45
49 943.93
28 359.51
40 915.86
70 687.78
81 390.43
13 995.24
94 750.42
19 693.10
73 897.14
87 624.61
22 981.82
91 466.83
43 299.15
85 600.22
7 654.82
40 769.82
63 873.04
88 256.17
38 421.33
88 461.20
26 538.90
11 262.60
34 954.01
83 652.23
23 735.41
9 110.10
78 717.20
48 446.61
47 558.13
85 730.17
51 361.54
81 726.26
97 890.38
86 853.92
93 939.73
66 858.19
96 256.92
26 602.69
6 436.37
57 494.81
96 294.28
97 925.51
3 144.24
27 272.32
11 113.48
54 719.90
26 645.32
77 197.81
69 225.10
87 863.41
62 932.26
18 429.53
32 789.52
32 262.18
50 850.06
74 561.15
9 781.90
98 737.97
66 559.10
50 923.65
90 902.40
60 666.46
31 408.03
7 380.27
95 261.39
11 757.28
10 715.64
20 452.26
51 462.64
92 790.13
17 177.55
61 938.60
82 282.84
5 152.22
70 685.21
15 978.91
15 858.07
73 284.76
69 984.81
56 563.66
99 177.05
100 437.62
5 207.81
81 361.62
37 329.76
68 622.77
51 563.98
23 203.46
68 269.74
13 588.07
33 817.00
98 714.23
38 461.35
37 973.74
92 447.20
6 947.88
75 279.81
86 406.86
94 187.57
93 881.19
83 745.75
6 169.30
64 568.69
27 702.51
84 132.31
96 361.00
51 347.38
71 244.25
9 922.13
85 703.35
62 924.76
34 540.23
63 564.65
53 331.44
64 629.44
18 155.78
1 974.79
9 272.81
8 313.04
52 695.43
12 205.31
27 465.87
78 167.74
14 982.20
84 947.01
75 274.66
96 915.29
70 791.84
5 516.40
52 312.43
99 784.42
17 482.87
19 524.39
93 688.66
85 521.34
79 827.24
63 409.65
26 418.12
64 112.92
81 452.99
48 674.08
79 401.26
34 410.22
63 253.50
89 914.07
78 307.85
57 939.93
16 305.77
10 701.18
72 220.55
99 433.99
2 547.38
12 807.95
64 412.24
12 573.54
47 189.67
97 191.38
71 986.26
99 282.39
5 995.92
42 666.81
68 744.17
13 806.97
5 121.84
13 315.79
58 291.15
78 167.79
97 502.65
21 135.17
23 407.90
69 464.89
95 982.70
24 718.85
20 638.13
28 495.88
21 188.49
6 434.76
93 960.76
40 990.24
85 343.47
93 210.58
83 354.60
66 875.99
30 240.46
79 361.90
95 288.23
55 296.75
24 688.66
28 685.45
4 850.05
65 858.55
6 343.29
53 748.99
53 531.18
97 466.92
14 483.62
22 202.21
7 269.92
16 530.38
33 762.47
70 660.38
81 114.69
36 607.10
65 573.52
19 744.28
63 758.42
98 890.35
86 950.17
99 880.14
56 311.64
96 497.47
85 428.25
93 247.21
24 114.28
61 856.15
58 630.85
57 627.28
56 317.75
43 911.88
86 171.75
98 284.16
40 281.79
44 140.84
97 327.24
59 547.11
19 180.11
89 935.09
42 700.86
72 798.19
85 407.21
20 345.34
82 923.19
68 747.88
36 751.58
29 488.39
83 212.18
83 978.95
56 127.62
13 143.03
60 408.62
71 255.75
80 224.16
10 474.95
63 721.89
45 646.08
74 776.16
13 394.91
88 308.59
20 185.65
34 460.45
94 391.20
76 443.57
71 862.58
34 900.77
30 360.96
88 982.09
26 400.86
96 600.20
42 496.17
85 890.19
14 532.16
65 354.69
49 785.18
20 307.98
6 679.47
62 394.70
97 339.67
24 837.60
83 327.08
96 661.45
91 697.78
39 426.74
7 679.14
88 734.33
53 241.38
39 648.05
78 702.17
100 685.53
94 407.68
18 852.13
81 333.02
16 426.95
44 238.11
46 885.72
32 362.86
52 662.33
21 179.40
30 871.03
53 212.63
52 775.47
97 673.72
63 686.67
84 157.26
3 799.71
39 761.00
47 628.59
73 873.32
21 767.24
81 652.27
27 740.12
71 194.33
74 806.26
87 355.40
8 847.00
92 138.45
86 376.37
81 630.00
67 999.37
88 467.09
42 770.24
58 638.35
1 728.96
82 369.97
23 982.90
36 915.51
62 300.29
86 465.79
46 739.36
62 261.58
64 641.76
78 439.80
42 632.94
48 923.15
48 742.98
41 546.40
56 483.79
66 103.75
28 670.24
51 843.49
33 857.59
15 617.05
82 975.83
30 616.46
62 934.13
40 315.51
80 452.36
24 331.47
36 881.67
11 525.74
64 120.18
56 520.03
68 271.43
58 927.02
72 419.59
51 680.62
4 896.05
6 676.93
82 594.49
69 462.77
44 665.80
2 206.33
82 967.21
63 793.17
99 556.28
75 438.39
2 379.84
81 594.05
12 453.16
18 455.06
41 485.56
51 182.52
93 283.93
71 114.15
17 228.73
76 883.18
91 279.86
5 686.00
2 636.08
4 234.49
27 848.83
56 202.58
74 922.47
11 443.57
98 892.75
94 795.22
58 368.65
72 765.73
9 893.34
37 908.92
36 806.14
9 825.94
60 841.71
94 867.15
61 557.28
24 286.14
17 394.86
91 366.09
2 141.73
94 981.93
78 433.62
9 825.67
91 239.87
60 769.35
46 893.87
97 309.33
52 179.87
9 976.25
44 280.58
3 781.58
67 635.59
55 639.34
47 381.27
43 115.52
23 365.76
99 689.83
44 650.64
43 763.11
97 282.41
56 967.66
30 926.64
33 987.16
67 887.24
37 206.10
92 784.92
10 817.13
65 456.04
16 605.63
4 720.81
40 487.97
73 571.62
94 450.91
40 544.43
100 474.45
11 979.43
3 778.68
84 571.21
92 492.80
6 770.03
32 166.48
40 596.41
84 130.11
33 235.91
85 971.51
54 104.68
14 407.56
4 740.74
16 397.36
80 933.98
45 304.71
30 489.84
100 929.13
38 164.41
11 610.82
90 362.80
34 190.43
21 457.89
74 403.86
32 646.34
16 454.65
82 310.32
54 280.02
98 467.81
69 356.73
32 248.90
21 922.25
41 753.83
36 912.17
56 765.24
25 735.46
70 978.99
91 421.59
99 439.39
80 871.84
5 960.64
78 888.06
63 259.80
94 804.17
10 621.47
58 321.64
95 662.83
92 930.34
14 494.24
28 321.57
56 783.72
9 580.23
85 732.10
8 791.85
95 728.79
90 474.66
23 704.48
66 361.93
87 951.32
20 479.98
89 763.69
54 726.69
69 510.13
59 953.35
78 618.39
82 166.66
23 385.88
7 117.04
65 797.06
58 875.10
81 481.50
35 689.57
10 718.67
96 190.05
21 781.20
34 218.47
66 950.89
52 359.69
57 295.74
55 138.01
52 764.57
46 789.69
39 491.38
64 148.96
1 813.68
77 363.82
9 481.19
23 418.08
19 923.80
28 896.21
67 302.88
5 177.72
56 198.63
64 745.22
56 886.29
94 712.83
19 878.72
78 980.68
38 447.36
52 287.37
3 202.35
56 332.12
84 612.85
79 451.06
77 173.43
14 786.71
58 245.56
14 715.74
66 691.96
94 901.32
65 370.01
80 808.20
9 906.79
19 808.42
27 887.61
31 727.55
22 535.85
42 413.61
63 633.29
46 296.53
95 445.18
86 436.17
37 950.56
19 549.89
78 145.48
76 242.39
95 909.26
81 699.71
39 104.18
73 708.76
15 500.91
1 969.34
4 391.22
82 685.45
53 933.54
57 865.62
48 599.05
58 416.61
68 631.98
29 720.03
40 418.48
45 874.83
24 823.65
23 778.64
38 265.31
56 114.20
14 906.68
87 470.77
26 292.62
36 555.79
58 743.07
70 463.47
46 647.84
98 401.71
76 423.31
100 653.98
20 777.56
87 309.92
31 626.94
90 417.02
64 374.55
90 179.17
7 309.64
26 975.14
24 341.53
97 337.11
32 510.12
4 877.94
14 440.34
17 387.98
62 824.31
93 278.64
69 115.00
74 810.68
23 431.24
48 319.13
64 448.70
36 276.73
28 539.59
47 398.73
24 606.21
19 632.81
44 628.04
49 303.25
14 853.52
41 937.13
22 203.66
85 840.29
20 253.88
16 170.10
22 847.55
13 968.71
41 684.70
66 866.40
58 917.19
67 180.68
28 832.35
22 700.94
49 821.12
73 907.86
46 552.03
39 175.06
18 593.33
81 999.59
50 679.13
86 493.37
55 363.75
10 541.33
70 190.10
16 721.33
40 707.85
6 645.48
82 427.83
38 656.90
34 267.40
35 919.44
1 487.70
100 241.03
41 555.45
30 101.32
63 553.03
14 431.66
66 692.58
42 466.45
78 136.87
50 517.42
54 925.11
88 982.25
11 502.17
11 959.05
55 221.38
13 870.97
42 645.53
64 535.41
84 281.49
4 176.06
59 478.56
83 959.38
25 185.30
34 338.54
98 470.00
50 455.76
37 878.52
41 391.85
4 873.76
98 804.44
96 343.11
58 844.86
3 303.56
61 925.65
79 215.39
85 683.08
96 461.27
38 147.54
24 686.01
35 880.69
35 857.16
65 749.63
81 270.86
93 389.41
29 292.02
92 117.47
46 690.98
39 588.84
56 611.33
91 415.67
46 795.72
60 355.35
74 767.65
3 464.84
50 442.32
72 414.44
23 128.84
77 936.75
16 432.99
52 540.85
15 547.81
42 533.66
37 979.44
6 999.83
27 325.53
11 969.73
9 412.00
99 678.03
3 219.46
19 967.62
34 372.33
12 268.53
43 713.06
5 357.49
72 842.90
53 654.89
69 292.99
30 589.94
10 859.07
23 288.48
81 395.09
5 741.41
28 403.50
41 334.86
16 669.82
7 479.96
68 558.15
90 429.25
42 931.67
83 571.59
48 866.43
19 214.90
17 117.97
23 161.84
54 253.28
54 770.88
29 740.21
82 975.40
63 843.77
18 197.80
90 639.91
27 393.83
76 871.92
19 886.41
27 407.83
47 686.24
12 934.88
21 991.11
23 595.04
33 672.44
99 502.52
93 697.96
83 656.02
78 199.40
100 769.02
98 230.45
30 737.32
25 140.22
17 686.34
53 144.54
43 952.29
17 394.82
37 353.91
32 424.99
66 294.29
52 672.23
17 675.42
41 535.57
15 200.70
45 927.41
4 532.50
41 796.35
58 318.50
23 719.93
18 195.16
47 124.74
92 614.51
47 522.82
86 343.03
40 401.42
71 890.57
55 872.30
19 346.07
28 831.04
35 348.61
36 732.73
74 986.01
99 295.62
9 787.05
91 871.55
6 888.19
66 334.47
83 241.23
17 124.27
83 180.84
78 146.46
53 983.33
74 641.06
38 750.60
93 316.93
74 457.73
92 244.19
40 792.89
31 458.75
18 100.67
44 961.11
71 397.11
17 208.96
78 847.71
52 760.56
68 912.21
18 209.12
100 939.38
69 858.74
42 548.25
71 216.31
2 886.14
21 491.74
2 561.15
17 407.61
93 622.54
60 909.25
73 901.84
53 447.07
55 553.34
14 877.21
47 944.64
49 365.24
96 247.22
38 779.42
90 268.23
93 748.22
72 800.52
91 704.57
29 151.18
5 494.94
67 806.86
77 849.83
85 353.24
45 154.12
6 377.31
41 756.57
2 182.80
81 771.53
23 977.78
25 310.18
18 681.72
77 512.55
44 620.77
7 767.91
75 183.89
56 701.05
63 650.32
6 350.59
47 980.74
75 991.97
94 159.47
86 354.43
55 714.76
14 770.27
29 524.42
33 505.88
80 543.12
71 112.20
94 654.02
28 115.77
67 340.71
31 954.75
12 708.43
83 582.40
92 700.00
90 638.66
26 471.61
13 611.14
58 437.55
44 632.43
8 823.99
3 850.86
69 995.01
52 350.00
100 811.50
86 536.28
42 758.61
44 268.79
22 976.34
62 392.19
58 949.09
45 848.43
7 225.85
89 367.27
89 656.52
9 141.66
23 952.09
17 176.64
98 824.36
22 690.24
47 867.38
18 581.40
34 261.50
33 180.25
16 947.61
36 939.34
39 322.53
48 943.22
35 872.20
81 275.73
55 207.72
48 414.29
87 777.47
40 379.06
52 733.04
68 699.95
45 251.12
82 596.03
41 764.32
97 131.64
18 529.51
19 958.87
61 789.63
74 553.33
76 841.45
40 917.65
24 698.38
78 373.98
78 252.58
78 490.49
89 792.94
70 657.67
12 448.59
71 787.56
34 395.76
37 812.02
4 269.94
82 784.04
22 265.55
88 720.13
57 914.08
94 289.62
74 771.83
97 215.19
14 106.41
18 414.56
85 658.26
88 706.70
22 172.39
3 453.94
28 758.69
50 671.85
38 236.43
95 212.36
52 959.17
24 330.05
32 278.17
100 461.56
64 267.46
5 810.70
4 790.00
78 915.33
93 243.35
75 511.42
64 219.88
67 992.38
48 612.64
63 352.98
39 228.84
22 219.36
30 651.29
47 591.99
91 707.73
54 976.44
67 747.44
56 256.24
21 539.89
62 426.68
63 625.34
29 289.79
45 992.15
76 387.81
33 610.57
15 140.19
3 552.08
67 235.37
34 741.28
75 704.40
29 310.49
36 242.87
22 989.94
11 565.71
58 765.35
7 672.06
75 521.90
31 971.49
56 979.36
70 824.16
73 466.27
40 389.29
32 780.26
6 366.63
77 662.83
37 423.93
76 610.83
37 482.97
60 612.30
57 542.21
47 588.00
90 684.68
87 317.55
68 105.18
57 191.23
68 519.96
12 538.41
21 275.21
29 937.52
29 379.07
81 218.37
37 728.23
84 334.60
89 808.69
70 982.67
27 379.10
33 947.61
53 255.04
58 946.89
14 128.04
53 615.83
48 606.65
37 844.89
17 168.31
68 814.55
3 401.82
12 683.90
62 183.18
30 532.01
75 779.36
48 729.98
16 931.68
90 785.44
45 949.11
75 122.27
78 391.89
34 855.38
25 747.70
45 183.53
46 728.19
100 273.30
44 968.66
79 559.85
8 835.11
52 728.88
53 536.00
48 143.32
97 168.57
66 557.97
25 364.92
59 706.82
70 391.07
8 270.82
89 372.75
34 660.87
28 949.25
85 946.05
89 316.52
8 804.87
82 731.27
99 306.27
15 267.09
95 788.95
2 791.61
94 719.98
24 770.21
49 415.97
63 152.84
41 546.48
79 558.37
23 957.97
23 544.80
33 311.65
4 639.49
97 984.32
27 561.64
17 170.58
81 672.68
24 812.83
61 262.78
27 303.30
96 151.45
27 789.39
94 335.00
34 406.95
84 758.69
26 517.92
11 990.12
1 331.25
27 142.92
79 421.69
48 572.82
78 830.49
74 369.14
86 254.68
72 248.59
57 251.15
31 732.24
27 897.34
25 405.01
7 958.17
98 871.30
9 404.24
13 891.19
43 529.97
51 660.46
23 340.22
3 233.82
62 281.79
83 185.22
53 888.05
58 169.04
93 376.07
99 716.87
29 485.17
73 225.77
56 749.51
7 239.97
58 894.96
51 352.31
80 944.46
78 384.32
6 854.91
19 781.67
45 131.88
33 791.02
92 678.94
69 699.03
78 613.68
98 969.75
63 904.57
88 414.57
15 146.58
22 312.67
9 196.24
54 736.06
87 457.14
51 633.96
90 252.52
24 159.21
52 232.53
12 477.64
99 798.37
52 881.72
49 939.32
57 327.84
27 546.85
32 978.59
53 183.26
11 923.86
70 996.81
85 690.66
72 998.21
22 709.87
90 921.10
48 260.73
50 697.38
50 426.22
26 821.15
94 673.74
70 966.04
73 817.91
28 955.94
50 765.71
50 544.24
32 558.56
48 628.99
78 119.58
87 779.18
90 317.62
62 117.82
92 134.68
93 154.22
64 281.39
85 618.43
77 606.84
10 696.69
94 130.11
28 753.15
67 864.46
5 565.48
20 165.02
17 682.08
82 229.00
35 848.48
41 805.44
63 906.66
9 939.98
60 647.77
52 655.31
29 909.89
99 265.38
27 363.29
3 485.80
83 616.31
4 979.43
69 438.17
27 748.18
45 557.77
4 359.29
21 149.53
96 453.99
21 889.94
2 686.98
49 831.78
76 859.29
9 352.69
38 904.36
59 728.24
64 387.94
88 942.62
63 362.73
9 186.59
15 361.65
50 446.68
52 722.52
72 385.84
99 687.33
62 569.63
56 763.50
5 837.82
100 739.93
8 188.05
29 189.64
98 785.47
11 142.34
61 534.15
76 373.88
78 671.57
98 912.46
56 793.27
63 534.39
34 306.56
10 342.15
31 620.93
4 209.89
22 303.11
31 646.84
72 378.35
55 940.34
2 682.22
48 374.63
90 535.40
76 692.51
78 426.48
60 525.22
9 186.89
97 627.90
43 143.46
3 242.72
69 363.31
72 438.47
84 359.64
36 357.36
83 362.74
45 659.48
63 780.69
26 409.75
5 903.16
80 834.78
17 304.43
85 547.83
5 469.81
43 141.94
34 417.19
83 826.14
94 500.72
46 545.89
52 452.46
80 579.66
44 326.47
56 769.44
84 813.64
7 924.60
10 914.80
78 431.63
13 505.85
2 496.77
71 329.92
89 785.13
63 266.70
79 573.51
32 826.88
4 955.87
49 825.11
2 967.97
70 524.87
49 592.25
34 566.63
84 144.58
76 666.73
21 615.56
39 775.00
52 623.06
1 871.56
91 899.79
38 401.16
40 233.13
8 139.25
75 688.50
89 121.49
21 123.48
52 111.88
47 462.28
70 179.75
75 166.87
13 134.34
24 317.89
94 638.45
64 947.19
40 417.84
90 609.57
30 481.06
66 878.59
82 989.36
86 544.09
43 828.37
75 890.00
86 895.59
34 144.31
95 512.32
77 789.79
63 524.07
44 181.05
26 977.97
78 617.27
50 533.46
45 862.88
21 644.91
13 447.19
86 368.26
63 649.66
77 954.64
41 785.45
74 850.00
34 666.07
89 170.77
78 216.97
14 238.39
93 561.23
87 312.73
35 289.27
88 112.46
59 289.37
46 916.03
73 487.77
94 453.89
8 676.25
66 699.53
9 763.71
27 117.39
82 359.98
14 441.91
62 863.09
8 768.40
17 519.25
72 414.37
10 582.73
100 894.58
21 307.83
63 467.25
35 532.62
8 994.95
43 571.46
26 116.05
8 112.87
84 914.48
90 570.55
84 887.99
23 388.60
15 247.78
94 786.94
64 376.71
69 658.16
55 247.01
54 481.54
28 913.51
98 771.61
50 312.46
26 523.66
25 524.41
59 533.04
27 132.76
34 409.62
65 647.35
99 891.51
98 220.15
10 300.02
22 176.81
53 855.44
98 346.26
59 286.65
51 489.56
54 674.34
1 333.14
21 304.89
66 541.05
44 801.63
21 693.48
5 474.35
89 110.07
48 266.30
82 800.55
77 906.88
88 261.36
50 730.75
92 622.03
46 982.23
23 347.72
13 706.76
96 979.38
9 350.34
27 262.21
67 422.70
85 414.77
48 700.10
26 358.83
93 792.77
58 530.65
41 546.40
62 110.41
46 681.72
22 585.93
41 277.43
4 214.61
13 917.09
3 683.88
34 761.60
83 801.08
40 836.16
20 702.10
75 928.92
14 410.71
81 812.52
66 651.18
68 740.63
63 389.15
48 624.69
33 625.68
67 457.14
98 704.22
62 659.79
4 699.24
92 773.96
100 627.30
7 415.46
42 826.78
35 490.55
37 688.04
86 106.78
47 832.10
93 400.83
89 826.81
54 345.41
58 230.68
22 558.32
15 538.27
86 716.66
13 421.74
3 587.13
61 377.40
64 855.10
50 808.80
68 535.45
64 608.04
12 490.14
41 521.16
42 460.58
42 701.63
22 291.20
33 868.12
63 422.43
77 959.63
39 929.70
97 967.33
39 645.18
81 964.17
41 561.62
54 669.50
4 310.51
25 553.06
86 871.78
65 810.62
21 371.21
98 666.47
68 527.76
13 415.73
89 770.51
74 508.55
71 182.91
48 895.68
1 552.89
16 417.00
31 599.97
99 441.23
68 392.41
61 271.78
46 956.42
3 880.60
36 893.38
25 887.33
91 673.91
96 840.82
55 132.07
66 791.52
13 973.35
45 710.25
39 679.77
25 590.01
65 411.78
90 528.93
47 736.43
99 849.82
56 856.93
80 844.57
24 514.21
90 791.54
26 302.47
67 915.98
82 180.76
60 380.98
22 521.28
14 402.52
38 354.43
71 677.92
56 437.92
24 373.76
29 820.27
46 749.48
74 102.11
56 478.11
69 346.49
26 737.79
98 240.87
79 162.10
33 772.17
18 705.50
97 513.05
60 931.50
49 971.95
47 830.97
34 830.99
26 901.27
38 267.34
10 247.56
40 704.57
69 179.16
6 666.82
33 774.76
92 416.30
80 638.71
75 751.34
47 125.49
7 511.06
95 226.80
25 184.19
46 270.79
13 790.43
38 923.15
53 675.52
75 288.40
45 357.72
20 144.94
26 579.27
49 447.50
34 965.35
98 627.90
50 893.75
66 252.21
58 744.66
77 350.93
79 668.55
68 340.92
59 477.54
88 279.78
13 116.56
92 889.46
51 382.14
15 190.98
27 519.18
50 688.62
8 114.51
53 533.17
55 813.20
72 107.08
1 354.42
100 154.32
87 965.14
24 769.65
59 208.17
66 116.72
76 476.02
2 350.70
31 791.31
100 701.46
58 189.25
38 119.57
41 183.92
67 277.71
74 626.99
54 729.85
35 297.89
15 581.59
91 563.92
98 872.89
46 199.22
7 937.70
37 256.92
23 850.67
97 891.35
59 458.97
36 537.78
18 307.66
13 981.11
14 348.18
49 647.67
66 725.48
56 593.28
61 904.96
50 733.67
72 137.15
87 935.88
48 277.76
85 297.71
23 442.93
57 749.65
31 558.05
55 828.72
9 558.00
97 343.44
3 765.40
70 997.75
29 556.70
31 565.56
26 376.09
56 223.00
13 995.60
94 900.76
57 273.07
16 915.85
75 819.77
100 629.56
25 962.30
11 100.04
66 512.81
33 618.18
41 521.61
31 834.21
66 494.49
68 270.39
45 725.22
82 883.84
72 455.93
70 727.17
7 248.60
73 763.92
75 264.00
77 731.76
34 336.32
45 482.94
56 165.93
18 762.39
25 704.20
94 943.71
6 959.58
84 882.53
94 242.01
28 442.22
72 220.84
30 884.23
21 382.18
47 170.15
37 954.45
15 690.78
25 554.58
54 873.47
26 635.58
1 193.32
90 223.57
13 680.75
21 887.24
90 758.24
62 764.00
69 315.16
56 567.33
70 920.14
28 313.16
5 825.43
83 768.11
81 612.88
52 329.44
61 817.63
20 234.11
10 855.75
33 594.36
3 649.19
2 770.83
69 698.99
18 541.13
33 238.46
35 934.08
69 973.66
80 382.45
53 997.48
14 230.72
71 714.99
78 817.19
24 202.90
84 440.75
27 850.61
88 155.23
1 193.93
38 925.75
70 689.19
62 981.92
67 422.29
2 914.58
38 374.60
59 361.40
35 330.46
49 636.26
58 595.38
34 613.82
17 239.91
75 530.67
10 245.04
16 369.97
35 274.01
24 985.07
23 502.52
73 132.18
88 449.53
16 646.31
5 666.85
61 695.44
75 561.79
53 750.30
74 159.05
24 202.14
74 374.86
30 727.32
40 239.12
48 107.35
58 159.39
47 402.12
14 694.14
40 318.49
26 518.73
28 160.20
46 930.67
89 605.96
59 418.06
8 334.87
60 125.39
58 755.23
49 213.48
35 748.57
75 390.34
91 174.85
83 353.77
86 633.18
62 126.17
71 618.18
65 942.48
28 940.91
23 752.17
87 691.28
70 259.30
45 479.83
21 315.38
72 911.98
23 819.35
51 563.46
44 471.51
62 818.07
64 221.83
51 352.23
13 221.61
59 702.46
17 957.26
10 752.11
46 450.65
11 369.26
60 697.04
94 318.69
7 428.66
63 256.70
54 122.49
28 921.55
66 359.79
71 746.15
81 741.89
75 715.33
20 404.58
39 475.28
49 216.77
8 418.03
30 745.41
8 284.51
39 577.65
39 670.23
84 539.99
47 833.80
31 360.12
17 942.70
96 386.63
66 494.80
8 220.91
14 718.63
45 465.70
90 470.50
10 180.19
16 962.82
31 301.81
98 820.50
30 500.97
74 955.30
48 869.40
43 523.41
58 273.02
3 249.86
4 291.63
54 251.70
2 739.82
96 501.36
64 672.83
8 608.88
22 258.01
86 692.59
67 371.81
41 431.16
4 368.08
87 244.55
7 665.76
84 722.62
33 632.31
49 802.11
22 118.62
21 326.77
84 273.71
38 395.06
77 707.82
8 147.40
18 367.13
28 797.60
76 491.23
36 509.55
1 926.59
63 913.28
78 864.78
59 736.39
89 597.66
90 101.77
96 868.42
4 749.50
73 126.66
33 262.19
98 438.65
32 844.00
67 740.66
49 964.41
98 402.57
79 641.67
87 103.90
70 157.58
20 642.54
33 472.74
43 646.46
74 109.98
4 892.01
42 898.98
71 712.43
71 530.39
6 606.04
93 153.52
73 889.09
41 168.81
33 914.12
58 224.03
42 342.95
2 805.27
17 390.08
89 929.05
24 234.07
30 548.24
80 139.41
75 474.11
88 804.34
99 554.34
4 452.36
62 413.05
17 428.74
66 550.08
4 700.00
85 667.08
13 705.22
85 269.09
76 488.06
6 597.52
41 665.91
93 999.00
8 311.64
92 236.54
15 822.67
15 350.32
42 770.14
48 935.67
60 915.47
87 436.32
50 682.52
87 103.12
60 841.13
21 887.12
1 613.74
53 120.67
14 762.64
29 386.22
10 449.86
80 844.99
74 333.36
17 341.72
81 476.16
85 233.55
60 994.53
30 818.21
92 657.97
44 743.59
37 168.57
47 371.64
67 692.07
30 775.57
69 892.96
84 684.69
70 924.58
90 804.88
7 133.97
7 142.52
27 552.01
3 725.17
9 952.05
95 543.75
57 692.88
65 198.13
17 873.32
35 562.41
74 408.88
37 955.66
9 878.61
50 986.06
19 188.78
78 618.12
85 774.31
39 466.35
85 467.97
16 626.33
66 399.86
52 641.17
97 323.38
8 964.76
67 174.99
20 441.90
8 882.26
32 123.96
12 880.67
86 758.38
15 872.14
14 244.55
75 460.09
94 101.08
31 152.10
63 633.29
47 130.34
58 661.80
25 237.84
90 886.67
9 835.38
3 791.61
1 802.35
89 813.26
83 904.38
97 683.94
40 970.17
72 904.47
99 594.53
43 651.90
63 285.79
84 493.39
63 488.84
17 474.89
52 701.35
9 640.68
70 685.29
4 361.58
59 429.49
1 684.67
2 130.78
92 172.37
29 424.26
80 379.64
68 110.15
37 502.54
35 445.77
94 935.60
2 306.01
11 255.43
76 760.31
54 860.37
86 111.46
1 929.09
68 261.46
48 883.57
29 605.23
77 727.20
81 553.97
38 462.11
14 732.08
19 871.20
47 533.13
79 399.43
96 531.52
42 821.06
65 604.22
46 872.50
60 402.00
50 335.20
9 939.38
41 995.00
6 477.42
24 441.03
12 632.48
38 918.80
91 355.32
10 517.40
68 243.74
53 504.87
99 390.35
50 506.93
84 740.99
100 322.82
20 206.26
100 939.49
3 844.71
6 142.20
72 189.95
73 303.53
64 745.91
73 994.67
19 369.71
77 653.83
23 781.26
49 886.58
19 662.65
27 636.64
75 441.53
35 269.15
15 917.44
58 935.84
60 368.47
66 325.94
77 806.93
76 152.96
49 668.49
70 600.75
60 620.07
39 312.21
41 532.50
58 226.37
97 188.24
14 401.25
28 326.48
63 194.97
46 234.26
62 253.10
50 842.63
64 560.28
14 894.78
16 449.61
4 242.15
79 203.00
61 605.87
45 625.92
21 450.01
90 899.78
24 612.63
80 283.48
54 794.41
69 751.53
69 361.83
30 999.42
66 421.44
34 964.89
30 856.16
4 377.93
61 727.44
10 466.50
27 522.67
44 100.77
98 338.86
9 301.68
35 308.15
32 780.80
30 710.11
52 261.57
89 535.25
62 253.07
13 807.08
43 313.33
82 397.49
30 635.77
79 582.03
16 132.10
65 238.25
25 199.58
56 690.32
4 647.78
86 366.40
68 660.05
53 606.82
18 509.83
51 511.60
52 934.03
49 545.12
32 586.01
51 530.87
1 690.89
54 522.85
7 680.89
57 781.26
37 621.57
37 641.69
35 151.27
79 301.28
46 422.92
96 422.72
22 950.42
58 841.74
95 622.50
20 457.75
96 159.72
67 719.63
88 658.12
26 846.01
70 658.40
90 611.21
12 508.18
78 628.68
79 991.10
45 959.89
35 418.37
42 323.31
86 961.03
79 398.99
27 708.45
17 743.07
63 350.60
54 184.63
100 217.45
5 946.43
23 529.44
52 376.52
31 790.00
96 853.83
48 700.55
40 126.53
36 921.44
46 782.63
1 725.42
96 325.25
34 216.49
2 109.05
53 793.43
20 129.19
50 735.88
11 696.70
7 361.52
35 423.46
65 221.47
95 775.76
8 651.20
69 916.59
2 916.10
5 658.08
41 272.50
81 534.49
31 110.88
58 282.61
100 500.27
41 370.44
77 256.83
90 612.35
87 171.31
4 181.00
42 471.71
29 174.72
66 377.85
51 508.42
76 485.03
81 205.77
99 755.78
94 214.87
1 926.38
68 726.19
14 702.26
19 777.66
36 887.62
40 875.88
58 117.24
84 650.23
95 950.39
3 247.39
88 907.75
70 497.51
94 543.17
25 479.32
46 137.83
26 643.17
19 258.77
1 981.81
48 127.57
47 859.38
7 258.50
55 291.55
55 845.15
98 359.20
14 216.85
88 862.04
79 438.55
21 421.50
81 879.79
96 912.30
98 404.00
9 475.54
23 376.05
38 196.51
99 610.62
36 296.98
13 177.08
42 683.08
95 393.19
87 778.34
65 426.89
63 491.92
69 183.89
54 810.03
87 978.50
80 912.37
23 917.04
8 423.98
73 349.67
21 967.26
74 564.61
7 816.25
16 127.53
37 309.78
68 369.98
89 782.19
3 247.74
35 828.67
61 788.99
72 631.82
58 715.05
8 806.25
28 231.89
86 785.51
9 536.38
45 297.29
32 315.68
28 830.21
77 274.43
47 546.76
64 150.90
40 973.86
98 887.46
44 306.23
31 282.12
55 825.90
60 951.95
75 377.45
39 232.63
11 497.82
69 560.34
17 603.65
47 889.72
66 473.93
86 936.39
93 779.18
61 208.72
52 613.53
78 300.16
58 821.45
48 863.43
80 636.79
32 496.18
74 699.01
11 709.43
91 437.40
81 796.38
97 815.88
56 694.59
28 283.05
18 388.11
70 678.70
89 926.58
10 607.48
46 913.15
85 147.69
94 375.47
67 203.04
8 675.06
40 106.31
7 865.69
56 231.04
99 967.23
86 433.47
4 614.23
91 248.29
4 735.89
22 399.47
26 915.01
21 375.78
70 596.83
20 443.93
54 680.07
55 121.69
92 914.36
86 584.17
86 681.69
84 557.29
41 995.90
29 851.16
76 274.68
81 582.84
8 991.93
7 690.78
59 208.29
6 454.81
31 485.05
24 312.66
30 702.63
5 117.81
48 395.83
64 550.50
69 507.71
29 954.56
55 820.67
79 247.34
88 548.48
36 218.93
32 230.86
23 181.37
84 943.30
81 299.12
13 183.96
42 594.99
63 700.39
82 542.29
60 704.27
31 292.42
13 527.67
62 820.40
22 523.30
19 242.31
92 910.27
31 132.42
20 790.67
72 812.07
82 690.65
31 467.60
77 347.94
31 786.24
61 289.76
48 104.19
26 954.71
2 490.47
22 978.52
37 288.96
28 359.76
58 582.29
66 357.22
33 766.38
29 512.23
35 834.44
43 138.50
38 574.21
97 714.77
56 310.16
25 741.38
35 259.67
79 683.07
16 606.95
18 498.57
22 756.45
65 735.41
98 525.87
6 138.69
36 176.05
7 919.94
46 228.20
38 336.11
58 999.20
59 964.26
15 603.54
14 451.19
19 912.08
31 960.94
86 116.56
82 491.79
75 209.83
39 173.55
53 280.21
61 897.69
76 773.48
20 756.66
79 657.66
47 711.21
19 429.19
6 961.68
64 571.81
95 472.36
98 949.08
44 475.73
90 299.75
9 157.73
25 628.79
98 515.52
4 327.56
90 611.10
2 619.63
70 489.90
82 726.87
67 580.45
28 847.50
41 150.20
73 718.35
49 660.38
38 226.42
35 236.79
83 215.68
33 939.65
28 930.85
84 544.37
41 816.18
70 659.33
96 810.12
91 552.62
39 112.76
20 358.81
2 540.91
40 955.18
37 950.31
52 696.07
2 526.57
30 483.28
46 793.21
21 217.47
3 630.01
83 498.08
52 312.20
90 191.26
62 154.95
22 146.90
20 848.32
44 396.27
61 303.43
25 521.59
71 758.68
17 130.88
60 277.19
21 168.91
57 683.16
55 468.41
14 904.30
30 143.26
21 342.65
35 267.44
43 379.80
56 844.92
43 514.34
44 925.62
85 571.30
44 613.37
81 140.94
41 426.63
100 177.35
62 610.09
95 956.28
48 697.16
92 593.37
40 896.60
93 121.79
64 189.35
50 989.60
79 764.48
18 396.60
85 395.19
98 710.74
3 978.75
47 235.89
71 453.55
31 154.35
32 941.48
11 881.99
19 222.25
82 905.78
44 323.84
82 324.02
85 119.73
99 376.29
78 554.25
30 518.77
45 918.51
35 468.32
54 336.14
49 499.28
45 295.35
93 361.15
79 508.52
19 419.44
19 285.19
49 139.06
51 513.67
4 954.34
62 901.92
81 109.73
1 305.64
76 661.48
5 777.54
28 687.79
82 272.44
31 203.82
75 277.99
98 939.29
15 744.63
37 250.70
37 605.05
34 656.42
44 265.47
13 949.73
66 709.68
83 388.40
24 810.34
61 751.68
96 879.77
29 244.14
82 670.26
92 227.64
13 358.95
69 509.74
19 748.79
3 323.64
71 187.74
45 225.73
90 347.22
45 320.62
83 426.02
64 164.00
76 794.25
70 886.68
37 707.67
47 123.33
33 639.71
33 881.67
86 388.07
91 939.24
2 834.62
50 573.71
19 275.26
42 480.03
33 505.29
49 907.42
42 178.53
51 542.12
90 263.69
19 799.66
15 435.56
75 187.44
93 515.63
75 920.90
85 610.55
84 329.00
99 216.02
99 416.34
44 222.04
33 780.30
93 580.03
39 642.39
48 629.93
76 924.73
68 179.13
89 127.46
24 459.26
7 710.05
33 600.70
47 161.31
55 732.68
72 876.32
10 934.45
27 977.35
15 948.44
27 840.43
11 512.86
24 934.16
78 305.15
68 315.24
51 678.34
53 887.52
1 398.80
60 158.21
99 958.94
27 278.76
82 339.01
64 411.19
67 721.98
2 797.49
32 433.44
74 203.76
48 648.48
93 147.80
5 601.73
86 833.84
34 879.28
24 637.48
40 199.31
18 763.76
32 386.68
83 243.86
34 423.71
53 570.76
100 172.85
30 299.39
36 473.58
2 760.26
45 828.12
26 366.61
36 246.57
29 153.24
85 370.55
23 971.76
15 946.66
68 257.89
96 448.03
43 399.41
70 470.74
28 524.71
26 443.20
95 724.44
38 291.38
8 579.66
33 430.48
69 724.77
32 360.21
33 732.58
41 930.18
64 412.94
11 418.50
54 839.70
9 915.72
45 261.17
3 615.30
80 491.10
64 247.09
28 245.26
9 142.31
18 833.41
48 609.91
31 547.16
62 520.33
45 974.48
13 423.93
51 784.63
39 132.37
75 392.92
31 175.65
26 143.92
1 507.41
86 878.95
68 336.90
55 930.09
91 179.02
71 930.00
60 748.87
3 230.09
95 573.34
20 453.99
62 252.71
78 902.06
62 114.02
100 652.58
76 376.32
16 101.63
42 876.85
46 152.21
17 862.29
32 576.20
50 750.45
20 409.08
96 451.34
20 253.86
35 939.37
23 171.73
56 339.76
30 303.51
50 781.70
87 778.21
15 569.41
87 550.74
63 975.79
47 822.51
53 759.35
4 236.00
16 747.13
6 599.08
26 465.04
66 546.52
5 293.85
13 256.50
100 477.72
56 169.57
4 664.92
80 673.89
44 413.87
81 519.88
54 890.56
29 874.26
49 462.45
7 848.57
88 425.39
16 923.65
78 412.61
91 346.79
40 431.92
67 919.70
34 957.90
16 169.39
95 466.54
6 691.11
79 790.86
66 382.75
60 617.93
32 119.94
74 617.14
64 553.54
35 140.85
37 685.44
39 627.74
90 640.31
79 397.35
3 521.83
1 797.21
61 741.32
34 306.98
31 160.83
18 317.41
79 571.93
97 293.36
86 503.60
62 841.24
58 350.03
27 234.13
22 620.60
32 235.22
94 629.53
90 487.48
82 393.60
21 342.11
71 717.15
88 577.46
63 644.33
43 769.99
65 484.48
56 575.66
8 797.84
40 436.77
67 510.60
58 188.69
13 677.07
87 111.81
44 669.71
63 610.21
21 179.60
14 344.96
97 836.93
22 330.96
41 780.27
62 155.91
77 524.95
97 432.46
3 558.81
6 315.75
95 240.90
97 671.00
97 832.18
13 452.30
42 505.93
20 367.91
32 942.95
29 690.42
11 925.44
91 381.93
15 795.73
44 978.30
7 883.48
5 620.75
22 109.29
99 290.40
7 331.30
99 474.48
8 228.08
11 136.05
92 258.58
59 561.03
77 646.64
37 639.78
79 200.66
63 143.38
31 607.08
74 368.81
67 735.32
61 112.81
61 748.03
51 727.47
80 432.64
64 303.07
22 144.09
98 890.73
30 671.90
38 546.14
1 818.95
47 486.87
10 949.96
4 179.99
44 998.68
71 232.15
86 807.06
5 835.02
59 289.94
34 591.63
79 536.97
7 737.02
54 837.83
96 870.53
1 131.60
62 811.10
70 379.84
