1000 10000
66 579.65
86 312.13
58 903.98
54 911.81
62 975.75
67 478.27
72 867.42
11 210.33
81 116.96
15 178.08
47 749.10
76 739.22
2 646.84
74 740.65
79 556.68
73 847.39
58 759.57
67 421.08
97 509.82
73 862.82
21 257.80
66 626.59
48 589.36
51 175.68
62 751.23
57 442.91
91 229.92
17 859.43
50 617.24
37 126.68
13 882.95
62 325.23
25 766.21
37 742.81
100 803.41
47 478.13
76 799.93
58 850.07
5 625.45
41 753.89
16 839.32
91 880.96
85 504.13
31 328.54
35 415.53
25 536.82
20 970.58
59 529.65
87 881.00
25 933.91
74 834.36
91 861.17
7 388.74
85 138.41
25 311.37
2 816.71
12 798.62
78 691.40
82 107.02
15 345.93
25 170.80
67 619.46
73 153.52
89 138.69
43 929.96
92 624.57
56 104.95
59 471.87
70 736.18
73 214.19
81 162.72
46 116.89
42 927.84
100 555.06
88 248.80
98 569.77
47 231.29
3 518.54
56 244.91
65 652.15
28 868.49
52 897.13
60 663.90
62 427.95
13 721.94
27 425.33
57 228.20
26 499.04
75 862.58
62 505.13
72 807.12
8 625.83
4 876.36
18 544.45
73 348.94
44 820.76
28 602.90
98 263.29
91 493.48
26 741.28
97 125.84
88 921.70
16 361.51
80 544.33
11 134.01
87 731.44
40 912.74
87 275.50
6 276.13
38 480.22
94 601.81
46 209.56
33 556.36
21 385.13
9 613.95
99 897.10
40 541.78
89 988.44
69 585.72
78 400.02
28 992.98
84 271.70
76 332.43
7 991.72
55 914.66
47 976.14
78 260.58
38 233.66
77 546.29
4 729.59
15 572.16
79 164.70
57 371.28
54 735.13
11 465.84
73 933.06
33 278.24
89 809.63
45 296.10
55 117.00
83 642.08
61 783.74
88 377.19
29 215.33
66 401.74
58 227.25
85 860.09
37 805.83
40 222.69
90 339.57
74 312.46
80 779.00
10 204.49
6 987.47
72 313.14
20 953.95
57 480.56
66 223.94
7 818.05
95 861.41
77 965.19
65 586.34
77 822.32
37 908.56
38 956.64
35 961.98
71 620.14
80 781.38
45 781.12
46 892.44
20 823.81
76 731.83
37 847.45
40 929.68
93 117.23
15 864.11
75 302.25
53 163.65
6 300.31
56 556.71
98 467.40
61 425.85
52 558.67
94 843.92
32 348.28
64 171.11
98 706.72
97 346.87
60 378.43
36 177.77
4 805.53
65 774.99
58 307.20
94 470.54
64 545.47
55 529.11
3 433.76
22 256.83
94 321.32
94 597.11
41 967.44
4 570.15
86 889.87
95 923.40
61 962.25
7 232.34
13 305.22
27 280.87
23 904.39
75 768.02
16 720.84
37 980.38
55 319.89
94 816.88
93 445.19
90 977.61
6 599.76
11 428.35
19 192.74
75 300.21
56 394.45
83 937.63
70 238.97
25 644.82
13 444.94
16 193.30
41 665.91
92 361.15
14 621.90
92 189.48
43 117.65
30 463.66
44 502.05
52 159.65
30 890.15
95 663.66
96 814.67
72 740.05
13 684.41
97 669.45
34 554.64
18 115.94
98 459.32
30 998.44
84 657.22
56 217.68
49 701.24
98 483.75
55 927.54
19 862.96
37 325.39
22 675.74
32 962.19
35 711.28
68 185.05
89 169.47
34 599.07
34 556.68
89 848.63
42 490.96
55 969.23
23 659.24
84 799.35
49 316.32
22 881.34
53 762.84
39 862.13
93 952.01
43 630.27
39 610.47
77 271.06
87 591.92
77 610.08
58 887.19
27 255.44
62 162.26
80 185.14
35 777.00
18 714.77
44 111.28
65 191.36
17 551.90
88 806.50
15 293.98
38 362.25
16 659.89
56 405.33
12 294.11
60 951.09
58 718.86
78 861.68
41 955.94
49 501.58
21 166.39
90 910.90
79 443.43
45 128.26
59 509.93
6 181.81
91 236.61
64 471.84
74 230.99
71 190.38
50 141.69
41 324.26
57 778.68
81 327.07
54 910.84
73 945.68
76 983.17
93 627.82
33 659.40
97 356.01
84 299.02
95 525.65
46 218.07
81 697.56
26 832.09
80 194.35
83 596.39
79 355.75
53 855.63
7 796.09
9 720.75
26 251.99
66 150.53
67 909.45
41 109.65
65 650.32
50 520.38
36 190.70
53 393.59
63 263.77
21 951.07
32 417.90
59 813.44
20 554.94
71 614.28
84 767.41
84 968.59
98 416.56
5 698.01
86 580.56
56 173.18
82 438.61
50 134.54
82 715.69
59 495.61
86 985.50
82 380.20
13 574.32
23 178.33
48 467.71
50 126.67
99 504.40
39 335.56
10 767.66
96 391.93
36 980.45
27 387.56
32 396.16
89 605.68
27 292.00
28 329.79
94 148.67
54 591.59
23 798.31
30 110.13
85 261.18
33 480.88
56 891.46
35 863.85
15 552.86
12 609.54
22 445.99
75 836.44
77 953.49
43 939.12
100 991.60
72 690.18
85 833.15
91 482.28
16 447.79
71 186.09
90 401.98
77 436.98
9 676.29
71 115.02
67 858.48
37 960.95
51 240.40
56 688.20
72 564.97
51 736.66
41 705.03
62 800.95
83 918.70
25 986.10
43 450.56
54 250.01
90 295.63
81 725.49
49 223.28
96 116.77
5 899.43
53 350.97
23 410.02
23 626.63
75 659.28
52 746.34
77 101.23
95 653.59
66 695.65
34 286.20
40 507.02
69 624.52
29 598.21
19 969.29
66 308.21
69 581.85
58 989.70
34 256.63
74 568.19
50 831.04
96 816.08
39 724.11
20 237.97
47 891.40
38 138.04
70 231.84
72 381.04
96 671.20
97 296.30
16 975.01
67 884.87
96 754.63
52 488.29
1 471.38
46 560.32
100 549.66
45 678.97
23 195.60
57 550.40
83 171.35
60 283.71
86 124.45
34 227.33
74 639.73
97 389.87
68 798.95
32 692.59
12 321.44
77 850.75
88 570.09
6 766.62
47 153.19
54 552.88
61 832.89
22 410.09
100 894.43
19 645.49
100 338.28
96 678.23
4 806.22
37 569.70
43 561.97
21 917.01
22 325.71
64 234.43
1 945.63
55 526.55
59 329.64
80 106.77
53 856.05
7 328.45
91 362.22
63 797.10
84 755.53
93 939.73
10 523.81
21 488.02
66 167.58
11 309.76
83 650.04
60 727.46
2 862.29
9 838.20
64 176.13
18 630.77
98 135.65
86 593.81
79 634.28
33 595.15
71 608.55
30 575.86
3 726.59
55 516.10
89 910.43
29 934.00
14 307.40
12 941.94
26 450.15
72 494.19
84 373.23
1 472.67
54 792.00
39 812.44
7 435.49
67 272.26
12 671.97
7 680.17
18 553.39
58 440.36
30 217.98
67 621.41
87 903.43
76 754.81
97 581.08
80 378.34
76 106.73
54 446.31
53 428.87
90 958.19
52 466.50
99 428.26
32 178.91
78 298.37
72 803.42
57 397.02
30 927.17
66 798.10
25 708.07
3 451.93
56 776.20
66 224.78
45 875.57
26 203.10
14 395.90
17 347.25
27 104.79
80 124.25
93 907.41
48 845.49
84 119.64
12 374.25
72 903.79
70 269.44
57 881.20
39 596.51
51 667.11
77 510.13
51 246.01
60 459.04
24 408.05
83 230.84
20 170.04
25 902.85
39 362.54
72 492.62
4 105.18
45 278.44
72 806.44
42 285.80
15 260.15
67 755.29
35 320.52
61 730.73
75 178.10
43 517.82
9 663.86
32 902.93
66 993.50
94 574.05
19 697.97
60 949.21
63 700.91
75 352.76
15 890.22
76 133.60
93 914.09
15 899.44
32 370.40
31 424.17
32 138.65
79 162.37
42 148.40
20 554.51
47 377.41
55 261.44
1 758.14
19 572.28
68 164.05
11 379.42
57 724.13
75 197.72
46 714.00
51 148.63
72 251.37
21 382.48
9 210.49
10 336.06
26 375.13
36 696.23
3 881.18
77 591.42
5 673.70
58 526.81
76 723.67
67 865.72
70 698.41
2 289.56
59 651.51
68 937.00
9 493.29
60 410.21
65 877.38
4 758.23
22 562.90
89 954.25
22 310.79
41 180.12
29 994.20
57 418.55
83 783.30
78 878.14
13 294.02
9 909.15
95 920.05
39 431.43
64 884.46
23 759.04
66 251.51
24 197.00
92 344.00
80 233.15
48 656.22
48 892.86
60 748.31
33 721.04
71 625.20
67 222.11
89 253.12
85 945.42
86 776.11
24 889.37
51 111.46
49 251.72
38 548.88
31 525.79
31 575.86
50 466.76
44 503.33
45 859.76
98 572.85
34 637.47
19 513.42
38 541.67
87 282.15
19 466.34
2 288.84
90 762.37
22 448.75
19 698.19
31 593.36
45 610.63
71 711.38
78 471.08
79 598.33
30 534.63
51 685.09
24 978.14
34 638.31
63 588.54
77 292.30
56 190.24
63 866.04
56 781.60
32 760.41
15 179.22
19 528.78
36 558.52
2 634.04
14 918.27
11 852.18
77 170.22
44 449.41
16 519.94
15 951.32
29 224.97
31 711.93
94 127.02
17 671.34
59 712.38
78 819.59
8 839.91
71 828.05
33 626.20
22 443.93
33 505.01
85 415.27
87 777.59
80 259.39
9 611.54
53 801.83
40 844.84
63 876.99
71 401.42
10 520.94
73 761.89
93 167.41
94 206.37
56 977.68
73 946.17
7 181.22
32 378.02
94 356.35
33 212.42
58 830.27
68 261.36
73 320.94
45 761.87
6 563.71
57 601.23
30 914.54
76 994.75
94 906.04
14 307.47
56 499.50
57 910.00
70 513.32
37 998.88
87 307.37
21 492.30
47 201.54
100 836.05
60 653.88
45 900.66
81 871.19
55 594.37
34 980.43
9 642.74
3 487.48
40 643.16
79 950.07
16 467.56
16 948.06
58 816.00
98 733.24
68 527.56
68 736.90
40 474.51
58 840.71
92 655.37
18 632.96
49 676.62
16 975.54
59 725.82
68 315.27
91 695.13
62 527.01
63 283.15
7 513.74
98 852.92
21 683.34
57 821.55
68 105.15
96 704.47
33 515.36
57 276.93
35 344.34
21 923.57
43 451.57
19 356.08
21 405.92
55 900.82
60 832.69
9 982.93
58 590.03
93 817.87
80 359.45
54 165.96
95 488.10
51 790.09
87 294.35
55 971.24
28 490.85
98 981.07
24 146.70
90 480.66
15 397.01
84 353.62
95 859.17
62 402.15
96 749.36
59 797.90
74 702.97
23 578.09
15 983.27
21 883.62
71 805.73
97 380.16
72 211.75
98 980.85
30 303.14
80 264.68
21 921.93
74 641.11
50 268.19
87 231.27
57 631.16
40 556.18
81 574.07
9 355.01
93 324.81
9 522.29
89 688.10
14 322.41
42 271.06
45 558.84
85 991.60
46 997.54
94 224.44
31 465.76
94 988.17
22 961.56
19 610.79
95 216.51
33 651.58
90 217.98
17 128.03
90 432.38
45 273.74
91 972.90
32 403.71
28 732.29
61 257.15
97 156.73
96 285.85
86 143.58
40 896.36
77 630.14
29 480.07
92 358.43
51 434.85
87 552.61
49 839.20
61 732.49
22 195.51
46 607.60
57 479.75
82 728.78
89 100.01
56 575.22
76 394.55
19 268.72
27 506.55
56 708.27
31 707.54
8 146.36
48 210.26
23 516.52
61 829.46
22 462.06
79 294.40
37 439.61
55 462.79
37 774.77
95 830.10
20 599.11
92 224.11
12 621.28
30 717.01
2 720.60
23 183.33
88 300.71
78 668.12
48 125.26
69 840.93
97 668.02
95 794.49
91 316.82
2 576.63
84 876.37
48 731.27
65 521.61
99 950.88
90 149.19
54 481.15
77 108.86
17 909.87
80 161.04
25 902.76
68 844.27
14 402.92
79 436.42
99 868.18
35 662.61
24 845.51
17 478.61
24 950.07
74 596.70
100 902.99
10 850.49
80 617.38
57 667.35
45 470.87
54 713.61
23 531.46
76 238.98
19 178.59
74 573.85
34 323.04
92 504.70
69 768.44
72 731.74
38 980.69
23 705.33
15 287.44
79 879.72
39 850.55
18 719.34
5 618.42
44 301.75
46 913.22
16 991.17
86 221.63
22 998.39
38 788.73
55 634.01
47 247.08
18 530.87
17 843.25
93 642.12
12 565.17
54 575.41
47 670.23
54 300.15
12 385.22
100 245.32
73 263.47
61 854.35
19 341.47
91 980.29
30 697.55
45 947.84
43 876.66
8 314.97
53 822.74
59 283.84
42 185.30
3 388.52
92 762.87
38 601.58
74 736.69
76 470.01
1 714.55
89 449.57
11 260.14
30 593.32
100 165.25
24 602.49
38 537.09
45 845.32
36 424.83
78 914.16
40 326.41
45 120.17
82 563.77
88 535.38
86 995.78
89 264.55
46 251.44
43 383.34
96 339.42
38 981.60
5 915.76
99 603.40
12 916.86
16 815.09
57 716.26
13 509.50
79 884.89
47 954.65
83 912.67
4 696.65
6 969.26
99 594.69
47 451.12
36 190.08
69 494.31
81 119.45
21 682.71
40 284.69
96 151.16
95 838.83
99 846.52
13 158.46
16 351.84
68 514.01
19 261.86
