2000 10000
59 216.53
95 774.22
96 302.30
44 743.52
99 202.89
60 985.13
96 653.95
62 727.30
31 250.89
88 434.13
100 939.69
32 342.82
32 463.39
66 952.55
86 359.95
50 222.41
42 441.58
87 315.72
14 493.08
1 281.81
44 600.12
11 662.01
82 708.10
57 251.95
25 630.01
11 774.97
13 432.86
73 409.58
58 342.11
81 437.56
39 292.77
14 855.11
10 327.83
1 975.70
94 464.34
43 729.00
69 624.67
100 814.03
16 390.32
8 622.34
95 246.78
5 969.21
23 100.58
2 743.14
53 375.04
1 597.47
71 104.10
58 537.92
2 446.46
33 910.06
66 541.60
78 354.38
85 103.83
39 135.20
45 469.36
55 610.62
56 849.80
58 789.62
45 363.69
13 767.60
74 591.36
100 386.47
87 419.50
21 612.06
54 268.37
70 313.03
8 550.56
61 610.22
6 236.06
88 115.21
9 295.34
34 617.58
88 126.69
7 840.98
28 150.10
43 610.90
62 649.13
59 498.64
32 703.65
14 655.86
70 587.43
95 410.77
36 531.11
58 939.53
76 288.14
94 967.30
87 367.89
2 686.42
42 509.42
39 389.54
89 597.47
11 886.47
75 370.61
35 680.32
18 586.46
79 285.43
8 813.83
16 366.33
59 326.48
41 237.91
3 643.12
21 126.72
63 935.44
93 573.74
46 221.19
90 879.25
55 687.92
10 192.30
11 969.02
19 742.78
21 668.35
90 619.95
39 308.04
88 265.45
42 662.86
7 107.06
56 494.55
59 838.29
78 449.66
34 207.55
80 719.45
77 663.29
18 662.34
49 929.51
17 643.08
80 889.55
15 852.24
33 846.61
92 829.69
2 173.42
65 418.18
87 102.22
72 818.78
5 537.69
89 837.59
36 989.90
27 921.33
41 439.76
3 313.12
76 474.93
56 923.86
84 286.06
47 476.62
82 496.47
55 393.32
87 899.15
63 560.25
83 549.45
95 599.09
12 971.05
17 778.90
24 393.24
14 607.94
41 530.69
88 574.45
42 329.32
87 386.47
32 438.09
31 788.70
1 746.82
44 772.82
47 336.74
20 247.83
26 664.25
28 364.65
43 837.33
96 526.25
26 178.91
76 355.71
32 781.17
96 970.01
22 429.40
76 868.77
19 406.50
34 878.69
12 942.55
14 524.68
23 383.19
98 832.39
16 820.05
62 446.27
88 422.02
76 959.82
53 812.42
60 912.02
55 273.30
80 728.15
24 139.70
98 270.16
65 799.60
93 655.87
15 757.58
77 435.24
100 459.87
26 401.74
77 167.94
21 429.37
21 326.16
79 527.86
17 717.83
64 221.94
84 878.17
26 274.91
33 740.19
24 872.78
19 819.09
70 744.37
38 634.63
27 505.05
27 181.53
29 104.85
97 746.76
26 949.70
11 926.44
70 727.86
31 872.16
50 702.96
72 169.27
66 938.75
5 933.06
37 660.49
6 691.16
78 467.78
85 299.51
85 606.27
78 906.61
83 348.76
47 613.94
91 266.86
3 185.60
89 121.09
98 828.30
1 203.36
16 414.71
23 999.37
13 553.65
84 723.95
73 935.66
49 559.25
10 725.14
56 281.06
62 225.49
30 730.83
80 278.93
14 437.43
57 138.53
75 206.40
89 289.01
7 541.45
86 475.13
17 463.02
54 109.04
1 821.96
50 185.18
94 724.01
68 549.85
49 666.63
45 908.28
88 121.37
66 403.42
12 775.50
70 425.33
41 854.34
2 249.04
63 656.74
6 344.92
53 323.49
39 970.88
89 529.86
25 182.92
36 569.45
2 343.66
97 937.89
7 716.19
87 959.58
78 348.65
27 988.89
29 895.70
9 533.77
31 612.90
93 827.67
32 435.75
12 664.68
6 582.84
36 950.39
69 121.85
41 101.59
47 405.85
71 159.35
46 133.02
97 662.41
69 441.13
82 649.55
83 819.93
65 793.28
4 653.83
95 170.86
36 369.76
16 370.03
86 415.67
35 348.03
83 297.14
77 559.22
2 654.41
35 771.89
49 369.05
12 547.53
84 331.14
27 304.76
5 969.27
29 677.02
34 505.93
84 943.42
29 164.58
87 822.56
9 385.31
70 422.51
63 750.99
82 979.82
2 167.40
46 979.64
34 164.57
69 427.44
48 785.14
54 645.15
19 594.32
12 947.58
52 851.15
52 240.03
21 674.08
70 110.00
7 971.78
58 407.50
45 133.16
21 225.87
42 236.46
60 598.61
30 560.08
92 914.05
39 679.68
13 663.95
67 469.84
38 455.66
29 183.59
57 396.03
51 147.51
65 517.94
18 781.68
62 304.36
93 823.92
94 867.45
47 411.97
45 667.79
10 723.51
99 403.84
92 963.72
37 831.56
30 541.93
81 740.41
27 460.96
14 883.43
44 741.72
19 550.28
84 517.71
65 242.86
95 981.02
11 918.30
30 908.15
12 583.47
41 739.91
90 184.08
40 953.32
29 991.44
35 837.99
12 945.07
70 840.71
7 683.06
11 143.31
44 807.44
77 271.13
87 815.35
95 545.51
36 279.28
19 663.79
11 593.24
96 721.85
47 921.77
18 619.69
27 953.64
10 859.49
59 987.89
100 388.38
11 785.99
15 376.74
81 972.04
100 833.11
62 825.57
12 171.42
5 809.99
79 815.67
68 668.69
15 188.00
9 650.52
82 700.54
3 111.21
52 183.73
21 702.95
39 543.77
40 482.09
98 571.87
34 335.13
32 819.36
68 431.10
91 658.22
79 209.90
92 105.77
14 282.40
34 939.53
90 491.54
42 813.89
7 153.39
24 375.36
16 551.68
25 862.75
30 247.13
56 721.13
46 936.16
66 618.34
15 657.37
35 239.78
43 613.76
22 553.63
52 876.57
25 726.77
99 314.59
97 504.78
24 228.78
36 981.73
90 295.72
35 333.50
79 317.27
47 350.21
52 188.80
79 791.40
43 466.32
34 826.23
98 948.64
93 135.00
2 569.34
1 274.60
54 256.27
49 515.72
44 478.29
86 247.67
48 583.72
53 588.34
14 454.02
94 693.53
90 759.13
96 827.45
100 403.69
29 269.04
61 943.74
22 515.64
99 806.64
62 187.58
25 382.14
22 242.95
35 272.65
74 213.90
31 573.55
91 847.44
64 535.77
93 136.22
76 939.15
14 989.99
17 403.03
54 181.82
71 524.23
95 119.10
33 217.42
85 767.76
25 324.37
72 799.96
54 262.70
17 249.09
4 322.59
43 156.14
16 566.97
42 744.54
55 593.67
74 539.05
46 998.55
71 968.04
57 619.37
7 609.63
68 513.38
15 559.55
45 124.64
64 681.11
93 687.29
22 978.88
69 122.28
37 206.92
14 419.80
52 675.86
20 578.44
44 795.34
76 737.45
64 353.86
56 331.47
23 543.79
2 929.38
91 482.59
29 764.40
57 884.72
43 966.04
94 279.32
33 407.13
28 657.76
79 708.51
48 278.56
2 651.67
57 602.77
41 518.23
8 770.53
83 840.07
34 367.19
75 973.97
80 132.06
79 799.41
55 659.33
60 406.31
92 545.17
93 113.21
8 966.26
46 947.78
32 927.11
70 685.92
83 830.58
2 136.39
29 457.37
55 354.08
32 508.58
41 531.83
17 580.50
41 327.78
53 338.11
71 203.10
93 203.00
17 362.97
60 356.32
99 161.37
2 672.45
83 573.34
11 146.67
25 671.60
89 756.45
27 656.30
88 180.58
80 618.40
62 824.40
42 106.72
13 608.53
11 275.53
52 263.89
44 891.75
74 278.80
100 553.21
82 648.18
20 596.17
42 544.77
97 641.68
19 859.31
34 566.93
42 777.18
52 957.84
18 555.64
34 112.21
75 856.78
71 539.66
56 656.75
3 307.13
63 857.26
11 747.62
33 217.95
10 481.18
41 957.18
42 134.50
41 265.11
82 964.12
72 265.68
28 516.44
85 262.61
2 517.11
28 487.68
41 896.97
96 666.57
90 834.68
81 254.01
11 675.56
70 613.72
77 297.18
93 411.62
77 110.74
64 713.05
58 315.05
78 461.20
35 170.62
12 708.65
24 736.85
4 821.12
68 202.67
57 725.45
71 156.90
18 300.57
70 724.64
32 557.53
6 936.91
5 664.22
70 838.42
65 573.55
91 917.05
31 817.94
36 592.97
38 912.39
91 255.67
16 586.37
11 161.69
86 497.29
87 402.71
71 701.44
17 687.88
35 467.68
49 866.31
27 447.38
83 377.23
43 314.87
25 315.01
56 825.02
32 814.43
28 849.01
39 701.68
7 508.80
33 242.05
43 920.96
57 203.51
54 419.66
59 646.00
33 172.36
91 664.38
52 203.58
55 512.05
58 630.75
4 141.34
57 478.93
33 932.54
18 591.49
90 227.86
58 385.04
70 139.94
61 722.98
29 962.84
60 879.31
41 603.99
84 112.34
2 451.56
33 403.50
86 748.52
76 749.25
33 383.78
75 341.06
28 257.34
81 516.00
36 366.30
52 449.07
81 122.50
56 297.35
86 908.63
24 370.58
53 935.57
62 482.63
79 284.33
36 721.69
49 733.90
17 120.25
99 992.16
91 619.74
44 210.15
17 664.90
37 819.48
33 760.72
54 999.20
24 360.36
39 906.67
41 290.07
49 112.01
13 854.02
59 238.66
41 245.88
13 551.95
35 469.25
81 996.60
60 943.08
5 185.05
25 381.83
12 786.72
40 957.31
19 379.10
95 537.96
85 298.99
20 190.86
30 355.05
3 857.37
74 457.86
96 194.13
8 208.36
87 874.86
61 896.38
85 733.86
27 210.61
98 493.35
69 783.56
39 115.71
94 680.48
16 209.54
1 278.44
45 755.85
6 276.73
47 915.95
94 104.25
36 222.92
62 996.95
29 421.41
49 206.19
91 451.30
31 733.59
23 668.41
58 781.27
18 406.94
87 518.85
63 159.18
68 502.64
58 689.33
19 912.94
82 875.38
80 954.87
6 849.82
86 335.48
18 583.03
16 137.09
57 474.99
23 139.33
100 974.29
45 871.38
28 101.36
9 877.92
2 661.69
35 678.14
34 818.23
49 142.15
98 182.02
14 943.39
58 373.95
87 944.31
6 934.73
53 112.45
10 262.95
70 436.31
72 904.57
23 849.45
5 282.96
15 580.15
38 367.41
50 541.29
83 496.01
49 235.13
68 115.80
59 264.82
84 338.57
8 611.19
99 408.21
83 577.25
31 708.10
48 568.65
63 205.07
100 809.39
25 876.15
67 581.74
27 967.87
30 299.90
14 954.85
31 527.05
89 585.56
66 634.98
50 943.21
54 719.18
35 414.81
37 743.42
84 948.05
39 850.00
86 163.68
56 479.44
2 821.72
8 796.84
3 498.67
6 568.94
27 329.11
5 901.98
85 111.52
34 582.83
35 193.27
36 469.05
7 423.04
40 666.95
61 292.95
66 894.08
31 197.42
92 341.53
73 646.69
59 668.11
62 487.76
80 860.09
74 788.28
25 220.46
77 655.80
78 457.45
17 390.89
48 508.55
21 789.39
26 159.21
78 331.00
9 109.46
12 514.32
9 827.66
8 787.43
65 918.69
27 474.62
33 505.21
9 430.97
55 286.78
69 848.75
68 192.28
33 943.89
91 389.92
25 531.44
85 120.22
82 444.72
56 100.64
60 760.60
43 556.74
44 102.93
21 661.39
51 393.10
89 151.37
5 445.57
37 181.40
28 787.04
26 963.72
83 546.29
87 231.63
7 215.28
71 238.23
47 532.06
18 757.01
44 386.27
20 587.86
46 709.96
6 259.83
15 822.05
66 737.56
13 634.66
94 466.04
85 907.70
45 770.76
40 985.25
96 444.02
61 359.29
58 847.74
44 116.74
4 100.64
68 777.98
12 257.49
80 911.64
20 169.68
13 693.36
73 557.54
3 384.05
81 840.79
46 766.29
86 185.20
62 412.52
22 896.42
47 947.54
39 472.76
42 788.86
83 474.80
38 150.78
94 931.53
87 143.30
69 488.77
23 127.50
80 223.65
61 525.68
35 384.62
67 818.63
77 195.69
87 945.09
45 615.22
81 460.07
4 532.03
62 316.99
36 731.20
49 905.48
6 407.28
49 763.44
47 998.20
31 544.45
86 480.15
55 200.66
85 497.15
34 366.32
47 424.88
10 728.55
49 253.73
6 766.78
8 238.50
82 258.67
71 876.99
18 303.70
72 727.03
82 950.29
25 791.51
22 712.09
77 685.88
84 887.40
28 223.24
50 360.93
68 381.90
75 942.08
4 240.13
84 881.00
17 139.23
42 452.25
34 203.93
63 948.78
75 503.44
1 763.80
21 238.77
35 314.14
37 606.94
48 602.98
6 250.18
82 347.07
72 670.61
71 768.21
67 474.35
12 370.62
57 487.89
13 445.64
1 636.33
19 851.38
72 983.76
95 555.72
35 891.69
90 696.02
73 872.05
11 211.53
30 501.64
89 205.05
83 555.89
13 790.91
58 242.99
22 863.24
18 919.56
99 909.25
79 545.09
37 202.88
19 685.81
92 614.18
38 514.38
13 733.44
32 919.34
53 438.65
56 331.20
92 969.61
55 350.68
99 118.78
33 319.57
4 843.66
19 316.04
30 975.25
95 502.16
63 892.38
74 537.78
41 193.00
81 918.42
15 306.73
1 102.71
7 114.79
62 817.02
81 311.10
97 559.60
73 554.11
83 258.03
75 275.55
26 692.76
5 721.59
86 256.53
59 182.50
64 359.56
82 125.34
56 137.03
24 761.23
11 493.53
27 782.75
90 359.92
59 959.51
76 213.88
63 734.77
26 836.25
55 976.46
54 338.25
46 211.11
37 717.94
18 441.54
11 819.36
73 645.46
51 894.79
66 484.31
94 839.80
57 638.59
10 283.34
43 770.09
80 155.33
43 292.04
59 223.58
71 710.76
21 504.10
79 617.50
75 715.02
68 541.36
100 609.50
92 777.18
12 238.59
18 722.64
77 883.29
70 756.07
50 560.64
91 668.08
46 381.45
69 834.01
5 719.08
22 500.11
67 692.41
2 723.90
81 577.42
38 240.99
93 643.46
36 324.81
98 672.19
62 719.98
33 928.24
4 906.34
24 881.02
10 268.93
50 895.73
93 662.90
28 993.60
58 323.85
3 561.44
2 380.57
100 460.70
46 240.01
2 273.08
34 163.66
65 202.36
78 737.70
32 690.62
96 410.22
55 746.03
83 374.69
14 621.78
77 646.55
23 429.24
4 563.15
99 405.66
29 874.41
85 151.85
56 367.74
84 377.17
19 757.27
47 567.87
22 157.56
92 425.09
41 171.19
59 372.52
12 257.63
46 629.38
91 837.08
98 853.51
63 315.58
6 178.18
34 163.38
27 881.21
28 673.99
65 958.88
6 647.58
7 845.36
33 946.96
24 703.58
78 180.31
23 430.42
32 519.28
35 886.39
89 911.72
12 440.34
98 888.89
32 269.99
9 494.49
28 279.99
52 435.86
25 324.11
91 494.88
3 554.73
49 795.21
87 436.55
54 515.04
12 868.54
68 437.40
73 430.28
30 618.74
22 422.70
93 769.26
31 171.85
55 602.81
77 682.59
60 400.19
5 876.48
54 158.36
9 691.40
30 432.10
60 913.97
70 705.60
5 288.56
43 726.49
45 556.51
24 168.72
65 371.52
89 649.00
74 544.66
67 162.81
49 473.75
61 206.34
56 478.09
88 596.31
61 200.41
16 987.34
2 356.02
16 441.56
71 923.68
36 895.23
75 568.06
51 581.59
42 718.42
28 692.24
33 970.59
48 209.22
15 662.74
20 697.84
84 140.56
46 178.46
41 801.02
70 839.37
69 994.10
3 375.70
16 976.68
85 940.81
84 298.98
58 656.02
43 948.47
19 351.43
64 487.02
99 168.32
27 297.18
35 234.61
55 528.08
7 908.35
62 163.39
92 744.24
74 173.23
99 503.76
36 440.89
67 710.65
13 851.86
28 702.26
47 324.60
52 860.23
88 626.05
82 252.92
26 172.14
68 288.23
92 336.06
96 393.39
29 300.98
16 426.26
96 497.91
10 497.86
87 973.75
77 100.53
28 785.56
54 314.81
41 991.11
54 350.74
39 784.27
4 238.24
97 170.27
99 881.52
2 811.49
43 778.77
87 748.32
5 279.96
54 787.24
24 115.12
80 964.63
59 655.48
22 665.02
2 842.33
15 910.49
12 285.52
17 391.14
82 297.59
90 776.74
8 184.50
62 944.29
56 552.07
80 595.23
66 507.45
43 381.08
60 541.64
70 886.62
83 657.95
35 843.57
29 581.77
49 246.07
20 162.65
76 969.45
77 980.65
55 669.59
37 550.72
25 266.09
23 952.35
42 747.35
7 370.21
96 489.17
74 169.99
30 302.23
72 800.61
35 616.63
13 931.79
25 654.61
63 973.63
37 635.31
68 889.80
2 796.56
100 564.07
92 839.23
70 367.40
93 280.23
43 444.15
1 173.81
14 266.93
26 368.54
97 160.82
64 537.12
37 451.54
95 644.13
92 111.14
38 687.04
24 547.73
14 804.82
26 883.80
33 879.16
61 715.06
51 188.89
78 678.19
9 901.21
13 168.29
38 830.40
46 449.17
79 737.55
75 554.01
14 346.53
43 234.34
8 286.64
71 253.32
6 474.29
89 822.28
45 919.46
55 349.07
82 885.20
1 266.92
63 852.71
45 249.04
94 276.54
42 602.55
12 370.79
58 942.02
81 865.73
68 440.44
63 837.15
17 622.33
70 816.57
17 946.78
88 419.03
23 381.64
92 105.71
78 391.31
38 931.54
86 457.26
57 319.36
79 731.40
30 398.11
78 937.69
53 420.04
56 526.06
45 107.41
6 591.04
70 415.80
86 117.83
71 588.71
17 567.22
63 534.69
14 862.97
43 993.59
59 375.92
48 333.00
59 317.79
5 392.12
32 934.51
87 463.98
14 788.73
71 528.67
20 825.78
78 430.24
24 347.66
38 738.89
79 220.53
45 388.52
48 228.55
61 854.70
17 458.17
61 448.58
3 891.15
70 713.94
4 708.22
41 742.13
14 318.26
91 454.95
96 571.75
52 892.74
56 862.46
33 327.15
46 487.02
19 660.66
46 649.07
61 927.35
90 116.15
24 414.98
58 619.34
48 848.68
70 169.17
52 355.84
51 924.05
86 403.63
64 968.37
63 644.78
67 113.34
85 536.93
61 518.59
34 617.74
20 572.09
31 309.76
6 438.17
21 723.56
18 102.55
68 380.24
39 638.31
7 797.51
38 868.53
73 504.61
84 444.37
91 680.37
10 899.88
13 243.36
60 103.46
41 107.85
22 253.28
93 508.25
69 887.87
54 511.50
63 696.78
21 966.16
7 266.97
10 304.93
38 533.71
9 299.01
1 658.32
68 724.16
34 256.69
96 548.49
37 777.65
80 269.03
64 838.37
42 186.30
48 777.61
60 187.35
60 128.08
6 888.55
2 752.95
42 269.22
78 115.15
86 555.04
17 579.89
60 531.86
3 904.04
65 842.00
12 771.30
67 444.49
55 164.20
6 923.58
38 648.76
47 189.38
16 509.59
24 436.59
39 631.88
79 612.41
88 625.40
85 537.32
24 816.05
99 662.25
12 718.76
85 806.79
66 753.77
8 166.06
90 726.66
94 167.98
68 186.88
94 783.65
30 907.72
8 622.61
25 895.08
100 245.92
43 836.52
22 856.83
30 169.99
27 850.11
99 463.36
94 326.09
69 143.83
25 371.05
2 258.28
64 140.65
90 630.67
13 974.87
20 424.61
55 189.68
73 397.18
13 685.13
90 611.72
87 663.93
94 245.19
80 457.42
63 530.91
63 165.08
37 156.78
10 233.05
64 427.73
91 562.74
8 200.68
82 729.76
72 320.33
76 963.45
56 123.33
51 983.42
55 293.95
13 679.58
57 801.01
6 582.61
1 982.49
43 973.41
43 221.08
39 704.16
98 328.81
52 221.10
98 159.70
69 615.73
77 949.51
58 386.01
87 780.92
18 183.28
1 401.94
21 142.64
63 295.36
90 303.76
66 825.88
100 710.56
11 415.92
96 726.62
15 966.89
97 413.25
74 167.63
68 715.16
23 416.23
56 418.04
56 689.39
4 229.29
66 655.80
63 147.26
25 420.31
33 901.07
25 118.99
14 941.89
16 371.73
49 944.31
22 285.40
93 973.54
54 734.62
59 459.50
9 101.62
75 718.75
95 632.91
81 910.24
51 323.94
81 337.77
66 109.76
8 556.75
89 914.90
70 485.19
70 452.32
29 279.32
12 539.54
20 496.29
72 625.19
34 270.76
97 504.65
87 468.24
18 868.86
87 586.91
36 860.90
41 165.67
87 885.91
98 616.69
96 818.45
83 216.46
88 849.01
24 390.09
9 660.62
34 163.74
19 566.03
91 478.93
54 402.57
57 332.76
53 199.33
41 277.30
40 356.72
2 237.36
7 283.74
47 396.55
93 226.73
86 586.21
76 284.28
56 261.13
29 699.92
43 537.04
29 163.34
26 362.94
77 665.03
4 517.86
71 433.18
61 580.67
74 787.89
78 765.22
17 667.09
95 408.70
2 217.89
1 245.81
27 184.70
40 940.96
73 589.15
27 774.07
22 528.67
93 124.05
31 816.22
89 458.81
25 779.63
68 244.78
17 333.43
10 527.63
64 363.97
52 978.19
14 662.46
34 756.03
100 882.67
41 986.07
66 301.21
62 857.18
74 610.75
63 496.76
81 131.80
97 292.26
33 401.06
47 958.15
80 473.73
84 613.69
61 355.51
44 576.30
63 252.86
41 666.86
84 662.44
28 574.91
83 469.16
98 801.68
64 933.34
12 464.73
56 418.57
62 996.53
81 247.25
74 415.88
81 316.91
31 816.39
5 415.00
29 364.08
38 385.37
20 800.27
1 924.72
12 790.19
65 461.13
83 895.99
51 674.79
75 591.82
33 781.19
94 699.21
15 317.89
88 208.98
3 455.25
65 666.49
10 457.61
46 913.35
57 677.11
51 301.27
72 702.57
1 809.58
7 542.37
97 544.28
18 996.01
44 748.72
21 710.85
79 104.34
49 674.37
62 838.71
10 392.17
35 730.21
86 844.23
26 848.85
84 991.29
93 670.71
23 876.88
33 559.92
56 485.48
62 309.22
91 967.05
19 570.83
22 921.53
89 864.44
6 457.77
95 853.95
20 814.31
87 748.22
83 558.31
25 626.99
31 810.98
7 187.49
34 291.65
18 425.94
6 336.86
1 180.38
81 922.45
2 900.81
59 632.71
24 313.51
25 850.51
84 574.58
47 127.11
69 957.43
97 104.92
23 660.08
67 461.10
42 769.48
94 232.77
44 518.65
15 715.38
31 104.88
65 188.67
66 280.71
70 332.52
26 557.36
45 655.85
20 292.92
25 369.54
38 431.75
86 612.68
26 101.87
8 835.18
61 790.17
16 185.02
66 306.69
71 175.14
33 569.28
86 617.83
25 354.40
17 405.23
59 932.77
67 242.15
94 388.61
55 662.85
15 356.51
89 473.09
26 570.11
55 730.68
35 202.57
21 384.03
67 331.94
91 860.49
62 712.06
5 992.61
29 185.97
31 344.44
1 124.32
50 406.72
89 712.24
70 912.06
26 596.35
2 895.27
40 315.63
26 398.80
85 172.38
3 704.79
98 119.39
22 104.04
8 655.28
62 671.45
58 986.42
58 601.22
44 689.35
75 532.82
94 141.71
33 655.36
54 754.02
18 306.46
80 959.28
47 984.50
75 581.98
49 704.38
53 147.83
78 970.40
65 373.31
45 241.50
58 137.65
48 641.18
90 125.19
57 177.24
22 389.46
47 769.49
41 324.10
11 841.28
38 752.69
32 553.06
8 114.37
36 582.66
100 267.03
35 716.80
38 587.09
53 228.13
65 949.39
81 958.88
82 741.82
40 377.16
45 756.42
54 748.19
16 770.34
45 690.07
6 552.75
20 529.89
78 203.24
78 929.26
87 108.80
6 456.08
90 609.04
77 552.08
66 795.23
93 692.15
82 660.71
86 481.84
40 343.71
28 776.34
97 820.76
67 417.74
29 375.18
42 277.02
2 207.86
44 850.78
75 165.90
32 746.15
1 496.79
58 451.46
82 169.57
94 763.42
66 681.03
14 810.06
68 460.83
87 204.74
6 322.32
5 664.12
55 915.11
64 316.87
1 206.71
94 929.60
33 334.29
15 658.17
88 827.19
48 602.23
63 956.14
44 478.25
43 235.15
64 167.29
26 482.98
45 232.11
91 326.73
28 512.58
6 509.12
33 634.46
71 417.93
87 506.62
90 482.84
17 783.30
47 797.99
30 840.59
28 636.17
24 900.34
63 502.83
61 497.33
40 567.02
4 142.36
58 270.98
11 712.99
1 848.53
55 227.04
57 766.63
26 930.94
78 840.71
52 505.57
63 479.32
100 602.30
63 948.88
83 369.70
34 466.65
39 479.18
81 630.98
64 780.53
42 648.20
95 735.01
17 729.86
51 979.38
51 470.73
93 653.25
14 238.03
100 312.22
49 206.84
13 744.21
62 185.50
90 556.26
25 556.50
83 781.92
55 851.57
11 247.33
58 541.23
32 334.07
7 450.98
90 995.99
3 719.17
1 589.29
56 800.59
9 354.07
37 423.08
47 524.58
61 904.91
69 990.75
58 175.94
49 525.37
44 614.42
64 312.38
47 303.93
83 314.55
95 999.71
74 308.37
93 704.56
6 630.63
77 458.49
85 675.80
100 824.60
48 858.18
57 337.38
57 663.83
89 497.45
17 207.13
27 707.33
50 730.99
31 161.20
19 916.40
12 263.50
39 571.09
22 871.67
90 923.73
28 442.96
85 924.93
52 610.62
19 917.75
48 355.93
43 471.19
45 761.06
89 662.33
88 971.71
36 200.25
99 511.88
37 304.11
63 887.99
56 718.68
58 402.22
19 533.10
13 570.52
68 255.82
14 453.83
80 171.25
94 243.08
99 241.15
89 781.10
84 284.72
82 394.50
99 619.83
68 653.33
75 319.49
89 581.22
90 469.02
71 884.72
58 105.35
63 566.31
79 189.99
16 711.62
61 928.55
46 645.53
41 707.70
22 971.52
13 701.35
59 102.33
88 513.52
93 339.00
49 805.05
31 778.39
19 266.85
86 279.95
75 653.20
5 529.23
38 392.99
46 750.68
20 915.16
51 133.00
62 997.89
34 280.10
90 470.01
90 312.36
53 226.03
64 744.78
48 217.68
22 162.93
72 161.43
29 215.92
92 601.22
28 770.56
9 315.53
61 605.43
32 746.03
87 234.35
16 459.14
55 807.14
99 165.93
42 870.64
100 713.00
49 829.28
30 997.98
