9000 10000
100 312.21
41 359.40
28 919.13
32 925.05
92 641.37
68 116.00
28 332.62
71 821.13
50 355.34
93 962.06
53 328.82
33 819.97
76 573.97
67 793.10
49 570.38
18 359.51
38 845.43
35 126.03
81 300.68
10 853.76
74 746.73
67 178.12
25 305.71
67 532.06
65 472.02
39 857.85
64 846.36
74 929.81
93 596.27
100 243.65
96 396.79
65 411.36
8 303.15
91 686.22
68 907.86
50 764.12
60 480.71
68 766.70
88 166.12
48 827.23
93 296.72
3 678.30
47 770.70
93 149.81
51 416.08
48 767.27
90 526.50
94 789.88
22 368.51
42 868.64
12 675.58
5 723.03
76 972.03
29 446.48
71 954.53
48 835.76
33 964.21
64 621.76
84 455.38
36 655.63
66 901.85
38 552.66
69 770.21
68 601.40
80 326.81
18 864.59
94 125.94
56 674.09
8 343.83
75 594.51
40 521.09
19 404.44
39 413.62
56 968.63
17 315.62
62 575.81
64 790.64
22 892.10
52 711.12
6 865.52
37 572.10
1 508.77
29 920.32
29 879.88
22 937.18
38 861.40
100 981.76
60 908.57
71 997.11
24 107.09
88 637.19
54 446.91
83 189.25
36 228.60
63 872.05
50 551.75
10 145.40
87 609.18
25 866.78
63 431.38
99 249.91
52 381.22
76 420.15
36 244.04
74 176.34
69 763.22
54 587.74
6 100.80
91 240.98
71 488.63
81 659.95
60 704.72
62 548.27
55 710.14
71 696.37
28 561.31
17 675.65
46 521.19
2 293.59
45 806.02
73 600.20
56 674.86
76 632.00
35 681.73
24 186.93
90 802.62
33 878.54
84 365.96
71 657.77
42 731.41
80 855.38
75 592.49
79 131.50
59 566.85
90 659.49
35 968.76
47 251.81
65 434.84
1 267.27
51 276.80
70 944.87
65 824.12
20 362.93
76 339.34
16 601.25
22 774.24
99 125.58
75 984.61
35 372.22
25 881.59
7 224.77
39 104.93
81 253.07
28 527.53
20 672.52
33 171.23
46 799.09
71 919.05
48 641.72
69 716.35
51 345.70
54 276.76
84 253.07
77 675.09
53 260.65
37 701.21
35 669.88
17 416.47
20 291.91
79 557.00
75 705.91
58 288.69
18 844.97
56 155.17
65 993.23
94 693.99
74 107.23
54 513.76
48 724.96
96 863.70
71 241.01
47 710.74
38 809.02
19 277.26
69 819.34
10 830.90
98 902.28
8 626.90
9 708.10
11 432.98
80 270.93
49 758.32
35 945.23
73 472.60
80 564.63
90 704.57
69 435.18
29 883.89
28 428.30
61 748.06
62 230.20
34 694.71
70 284.91
7 545.29
81 672.55
30 905.75
62 158.06
85 764.57
65 639.10
53 898.87
16 281.83
96 356.05
32 800.57
26 276.90
91 131.43
66 653.53
61 310.04
49 165.67
6 789.45
16 546.34
74 195.32
10 853.08
9 851.96
37 585.57
17 882.50
4 139.37
49 933.67
63 301.91
94 838.63
3 294.01
41 328.79
46 693.83
88 902.89
86 954.49
30 377.50
66 330.32
9 347.54
82 266.04
64 679.77
59 178.91
62 936.75
34 975.69
71 305.37
37 183.82
67 338.58
69 774.98
55 796.77
69 277.53
31 723.54
56 692.14
94 246.61
77 275.93
84 272.10
44 976.87
51 824.76
97 599.80
35 379.37
57 746.14
4 978.33
69 611.08
78 499.63
36 890.93
43 871.72
42 598.69
95 546.96
15 973.34
80 228.26
62 175.53
49 753.08
82 753.38
56 942.82
55 347.82
69 126.07
20 849.43
24 697.97
94 915.81
74 699.15
30 989.51
69 184.80
72 596.08
93 605.66
86 157.54
17 415.25
91 253.04
58 407.15
85 681.87
44 283.49
37 211.56
71 210.19
31 555.12
80 969.60
9 114.89
6 158.52
6 293.74
68 463.27
5 382.76
58 668.81
42 466.03
37 578.66
72 238.80
65 508.67
65 744.33
21 294.85
77 781.62
21 353.46
20 342.39
60 626.86
73 749.03
55 142.71
24 373.02
77 511.23
90 809.17
11 837.75
51 477.26
57 232.93
8 901.88
92 553.54
21 908.80
6 139.34
77 327.20
47 602.44
81 234.16
93 746.09
72 817.89
28 142.60
72 313.38
96 831.37
87 286.35
32 537.47
2 415.54
68 182.01
98 114.71
30 407.12
48 267.54
49 930.99
73 381.16
50 342.15
81 232.21
65 977.12
59 834.67
30 140.00
41 366.43
91 360.95
42 630.88
90 808.85
49 449.90
41 795.86
19 800.98
78 753.31
53 202.62
81 707.78
16 992.88
30 494.88
60 334.32
82 296.11
64 499.83
8 683.98
13 558.05
48 708.13
62 259.51
91 600.74
66 661.19
20 177.72
26 491.92
66 679.52
89 855.36
43 936.57
93 956.55
1 525.97
92 203.64
55 842.39
47 974.46
15 376.28
11 824.00
36 709.93
4 433.63
37 411.35
25 101.13
5 404.80
86 978.16
5 422.91
55 195.82
52 260.91
50 513.00
18 969.80
68 824.30
1 669.38
7 887.00
55 791.76
6 576.12
50 408.27
76 834.80
37 178.40
19 842.95
20 212.71
78 851.14
15 494.73
53 271.61
7 979.19
5 750.23
9 497.74
19 181.24
44 790.64
31 262.86
73 491.86
70 297.61
99 887.37
30 391.53
45 719.13
91 195.88
93 957.58
85 359.28
7 712.41
95 267.33
43 172.31
15 153.35
1 404.13
9 343.00
70 571.26
57 911.82
96 976.01
19 276.25
95 837.89
83 221.43
64 870.31
16 456.03
93 463.38
49 103.31
94 775.71
49 845.36
75 446.61
69 301.01
18 974.21
50 513.09
47 790.18
41 457.48
33 690.66
70 774.80
45 706.93
15 791.44
25 299.40
34 989.85
28 941.37
89 331.99
73 560.73
34 459.15
33 536.16
49 866.45
37 151.03
8 712.20
52 208.13
48 386.82
2 577.39
61 336.81
58 420.68
9 165.38
86 593.23
31 740.84
68 333.25
82 190.86
43 839.98
66 533.59
91 433.26
9 621.77
61 685.90
17 853.70
19 254.86
89 777.79
19 445.32
21 147.89
48 923.73
78 346.24
83 956.15
97 524.86
58 937.78
54 843.40
94 724.62
15 269.21
43 705.38
69 517.44
51 944.36
67 138.17
21 352.96
100 666.34
12 386.52
60 796.51
8 201.77
43 332.07
92 817.32
35 213.37
39 849.27
1 845.06
41 119.58
68 293.99
69 488.69
16 309.80
33 963.74
61 791.23
83 992.13
51 901.70
39 377.50
29 597.68
96 632.13
12 906.16
19 592.34
48 874.80
23 789.31
83 416.51
2 411.10
80 267.45
4 610.55
49 460.40
19 594.71
20 938.08
81 945.02
8 199.52
79 684.82
89 982.60
2 252.46
6 737.37
85 894.81
5 968.95
55 577.24
53 487.83
14 268.92
73 974.82
15 715.75
2 854.39
1 922.90
22 455.17
12 733.17
21 211.66
29 196.19
59 342.15
4 547.84
63 763.84
72 755.59
81 994.34
49 432.05
71 786.95
33 291.09
46 136.54
4 410.93
41 755.57
88 679.66
18 580.47
43 886.56
81 736.09
19 945.51
93 620.32
14 695.76
21 729.72
20 244.53
23 329.48
21 748.16
25 947.67
74 165.84
96 333.64
69 100.41
79 147.72
15 226.23
58 668.85
77 983.91
95 140.62
59 795.08
90 507.97
45 572.10
57 725.03
35 108.34
48 303.92
1 778.34
99 555.72
99 880.17
86 465.26
35 451.67
26 772.90
67 551.00
54 855.50
80 986.46
72 842.24
23 596.04
88 621.06
8 782.66
97 282.66
10 890.74
77 579.04
56 777.83
86 187.21
36 482.33
48 569.78
20 683.43
5 731.76
1 500.45
20 857.32
26 627.87
81 675.62
17 217.00
38 953.92
83 273.60
62 417.92
41 443.26
72 219.59
91 806.03
20 739.27
47 968.92
5 321.53
99 331.50
71 496.33
96 233.63
40 711.66
30 925.13
31 411.97
27 286.17
13 900.69
77 575.21
20 875.39
34 624.67
32 876.75
61 746.61
17 746.00
71 179.27
94 236.04
43 140.97
21 249.08
62 601.46
96 721.38
24 334.99
13 396.39
90 210.96
82 429.20
33 681.48
21 261.52
96 643.20
94 994.61
66 759.48
4 646.80
65 271.22
16 841.96
94 396.55
15 168.26
67 621.82
13 708.56
28 818.27
59 202.57
95 132.18
47 786.41
16 870.38
75 919.86
98 537.92
22 552.24
92 795.08
1 687.69
84 382.36
28 805.34
61 522.40
51 722.91
35 481.51
62 110.25
85 322.73
66 235.41
75 959.99
27 444.76
97 377.70
5 144.72
7 365.48
95 611.67
85 140.87
41 113.37
3 800.86
80 638.40
86 199.79
39 347.18
87 459.48
35 926.23
7 413.61
49 624.28
19 855.49
32 104.06
19 774.58
19 624.67
8 977.61
58 530.76
6 697.25
62 281.07
7 850.33
46 854.60
54 492.75
20 815.51
89 858.96
13 755.25
41 146.63
31 953.57
96 170.44
34 973.02
1 777.40
50 433.19
86 682.23
29 889.28
27 737.75
73 383.65
62 773.43
87 866.30
22 718.04
56 276.78
37 819.58
65 153.76
26 436.20
83 166.68
81 493.54
22 597.70
49 665.68
46 814.90
77 351.26
43 252.00
68 620.72
73 558.32
87 133.72
18 182.78
84 414.47
34 571.47
2 862.89
93 130.08
22 628.04
50 554.22
74 795.14
40 674.32
27 384.69
53 415.14
31 166.88
91 103.02
64 563.76
30 425.15
32 938.89
17 962.63
65 450.75
12 788.14
98 291.70
12 381.45
70 396.31
56 499.26
38 260.67
61 891.50
22 121.94
65 715.41
47 311.69
53 968.02
78 327.02
5 806.67
55 489.26
99 735.27
56 804.70
38 220.03
54 414.23
59 530.73
26 975.51
53 677.22
23 533.52
29 626.34
20 463.59
54 388.10
33 516.30
24 641.84
35 338.45
35 714.06
99 342.05
83 336.00
39 248.01
52 459.77
29 318.76
98 543.33
1 835.60
20 158.05
41 578.02
51 242.87
49 379.75
63 894.02
49 387.22
90 551.31
22 715.38
42 681.10
70 890.96
53 456.01
16 348.05
91 428.34
46 397.52
18 817.85
37 178.15
68 784.54
46 214.15
37 226.73
38 235.59
68 625.63
27 963.15
58 179.33
29 855.40
39 637.02
7 487.69
99 366.19
24 452.24
45 452.25
17 588.27
51 135.80
4 486.35
60 124.03
29 518.78
90 658.17
96 176.70
29 604.39
15 319.41
38 259.62
70 467.55
95 209.97
9 422.77
95 827.06
66 147.75
5 881.63
70 716.13
83 920.10
80 432.07
83 794.85
46 430.40
18 641.40
35 486.51
6 444.79
21 779.64
40 709.27
38 414.03
82 784.50
17 692.89
25 219.30
41 656.77
43 481.80
14 511.90
31 667.01
26 320.34
1 724.57
77 690.82
49 686.87
64 961.00
59 156.46
16 193.56
76 334.69
30 289.91
4 160.09
74 173.52
93 796.30
45 552.77
83 756.76
11 304.97
92 170.84
50 347.06
90 555.17
23 156.21
65 637.08
31 494.96
2 420.26
100 507.55
91 843.15
62 753.46
16 331.13
92 212.20
7 750.94
54 958.96
30 133.78
3 716.59
21 878.62
51 640.01
97 993.20
41 899.62
12 714.01
42 851.66
33 582.32
50 535.32
86 902.96
49 244.25
49 925.81
77 315.43
31 746.42
98 850.16
83 764.20
74 607.30
65 663.54
61 603.01
65 751.93
33 902.87
13 752.54
96 796.17
36 402.53
43 316.20
19 770.68
16 820.14
60 291.20
76 935.12
11 599.40
2 417.53
66 981.67
40 855.76
91 763.08
68 254.40
95 188.86
44 132.33
67 801.50
49 457.85
43 313.37
92 540.21
91 139.12
33 568.49
92 169.26
22 564.23
30 960.06
47 104.92
51 755.47
43 887.37
34 630.74
35 330.09
73 529.58
70 833.94
88 316.64
100 138.16
60 601.61
85 908.91
2 920.01
5 331.17
99 576.91
43 839.99
68 965.64
15 705.93
29 610.44
27 184.72
39 984.81
54 291.11
4 566.08
67 305.28
95 162.57
42 239.24
88 424.18
86 306.23
57 941.31
17 338.13
5 766.21
100 951.51
85 336.75
48 817.78
96 704.52
6 299.98
38 411.18
90 274.88
94 435.60
34 660.62
65 580.85
97 545.92
77 706.44
34 826.62
97 182.14
21 147.16
52 311.31
96 330.80
88 609.65
75 919.41
35 705.99
63 412.38
33 215.85
74 332.37
71 160.22
46 807.84
36 868.46
69 360.66
10 159.37
52 261.48
32 379.53
72 166.20
22 622.84
54 350.55
99 747.23
4 608.12
87 303.19
7 321.52
64 434.58
68 368.52
8 268.87
80 722.59
62 237.12
88 380.94
17 344.07
11 861.16
10 526.61
92 516.62
23 906.78
67 850.36
28 779.54
48 246.18
9 782.11
86 745.74
38 343.50
67 957.96
15 546.81
39 973.13
96 581.95
79 210.56
100 960.42
90 676.92
72 399.04
11 929.92
21 292.71
80 323.88
20 875.06
64 537.43
35 268.71
98 247.51
60 795.51
22 544.34
81 719.72
91 595.09
96 482.80
57 271.65
35 445.22
71 894.30
83 588.20
15 937.94
88 653.87
10 595.64
54 156.77
3 776.38
16 106.67
43 927.87
35 831.48
2 440.32
20 300.31
14 534.00
26 641.52
61 788.85
82 516.67
44 102.07
24 116.47
78 277.30
79 883.48
29 990.60
59 168.51
78 222.56
57 705.14
20 664.50
83 657.61
30 117.86
40 988.99
74 991.44
35 149.88
9 425.24
27 518.45
44 203.85
5 966.88
38 920.49
3 874.06
18 656.37
12 259.60
18 991.13
30 181.00
12 750.03
61 483.02
52 773.86
50 153.23
69 908.85
3 823.62
96 166.83
11 115.60
46 818.56
74 763.32
57 495.62
89 127.47
69 792.41
71 117.43
2 847.05
37 475.22
27 279.28
44 734.18
65 119.03
35 280.09
73 162.61
62 879.41
97 816.81
34 536.80
1 709.83
52 934.53
68 736.84
88 101.77
54 469.34
21 753.36
39 702.67
20 810.02
40 884.63
38 958.91
49 113.74
68 757.29
32 589.01
62 825.32
70 374.44
94 736.79
82 486.19
13 243.45
68 981.49
49 197.75
91 235.32
87 188.57
45 515.81
92 972.72
11 662.88
85 775.47
41 425.04
94 279.32
83 845.37
39 199.15
46 887.33
18 294.17
14 282.28
34 702.38
24 660.69
95 421.16
53 741.78
56 375.15
67 225.53
81 271.00
85 460.74
71 316.80
17 144.67
79 126.15
60 365.26
28 695.10
81 133.73
5 706.30
68 537.19
11 807.51
22 500.92
99 922.91
3 207.06
15 208.34
42 763.50
19 807.04
92 184.28
78 835.10
92 288.23
90 225.59
90 540.56
2 615.12
77 693.79
94 643.23
47 233.86
69 848.39
88 333.05
79 929.58
97 407.14
48 403.17
46 753.45
90 760.80
48 412.32
1 780.51
60 359.01
6 493.73
3 869.62
56 889.38
19 824.96
46 251.87
32 540.38
16 543.58
44 282.08
74 304.61
66 954.21
89 140.10
19 296.58
61 667.34
81 125.29
26 139.31
36 223.71
45 250.63
80 818.21
60 610.70
74 138.37
100 808.90
74 975.02
29 297.82
84 856.55
61 641.91
58 455.32
93 923.29
40 170.79
36 788.85
26 135.59
57 609.73
25 415.07
21 966.29
36 773.16
100 974.09
73 821.78
11 265.13
35 555.67
16 809.82
23 185.50
50 700.51
53 146.96
81 939.71
56 923.95
92 249.40
48 972.23
33 226.96
30 969.05
37 284.56
99 375.60
7 237.84
42 113.47
46 450.41
88 425.01
89 211.39
38 752.44
99 829.81
81 769.71
26 202.91
26 147.78
30 133.57
48 764.29
88 335.68
70 855.67
85 681.66
47 377.92
7 350.28
4 417.67
89 874.91
59 742.78
53 307.30
87 832.65
99 184.14
79 516.83
59 173.00
27 471.69
70 111.20
30 135.80
68 380.21
17 345.23
65 135.20
3 660.24
39 465.46
28 486.08
37 763.41
72 578.08
43 998.05
66 271.13
42 529.71
77 746.41
14 895.94
64 612.87
68 828.47
21 177.72
68 336.12
9 239.86
3 742.22
75 938.22
54 250.92
27 481.65
4 179.69
48 750.79
20 963.24
95 596.93
1 414.09
14 163.01
13 661.55
9 398.01
95 699.72
94 424.56
45 597.55
72 611.35
21 695.03
56 958.26
60 498.48
93 339.30
2 601.04
7 907.03
28 330.16
74 528.09
16 471.02
93 893.19
99 460.90
79 105.29
14 104.12
22 703.88
10 536.06
21 605.84
68 503.02
3 228.70
10 112.27
10 249.03
39 229.61
15 837.57
19 423.38
15 503.51
51 817.31
24 427.92
54 836.67
71 333.97
29 252.33
24 923.52
97 544.88
47 281.08
12 912.79
90 640.05
52 606.64
48 389.48
46 983.85
1 926.67
14 920.73
87 626.78
62 705.49
2 375.18
25 743.74
52 182.83
52 532.51
2 253.95
65 996.09
49 402.67
93 826.19
78 965.95
94 712.50
71 736.54
17 192.29
50 618.12
88 710.99
19 976.14
2 762.90
56 738.33
87 963.41
15 695.77
64 232.63
39 292.96
80 529.67
23 692.68
64 414.11
3 124.19
99 301.01
98 769.51
24 634.64
9 679.06
87 822.29
47 153.80
29 573.21
75 594.35
92 625.23
18 663.12
74 326.44
70 780.70
86 450.58
65 288.20
56 185.85
55 416.38
84 684.99
93 560.06
88 852.44
96 353.28
55 779.46
81 887.40
20 723.41
98 446.26
45 200.72
90 625.73
90 424.76
23 835.36
88 794.80
92 447.58
90 540.73
58 903.89
42 608.62
61 903.44
29 140.18
32 779.29
39 156.54
99 629.07
93 762.95
71 575.71
67 401.07
1 624.61
67 601.42
6 352.45
54 514.28
81 975.45
51 399.13
41 825.30
60 478.65
48 562.35
1 462.31
31 913.94
31 216.48
7 527.18
90 269.88
99 257.80
46 217.58
25 649.93
41 512.35
50 271.96
12 874.24
61 500.08
31 813.38
24 725.06
46 683.05
79 979.06
88 491.75
10 772.34
48 836.29
64 467.26
80 115.12
24 715.03
85 291.49
69 990.41
36 123.65
2 995.81
56 567.61
26 731.75
15 353.72
18 471.73
50 646.78
90 462.22
85 688.29
41 240.69
67 539.07
84 770.50
35 828.06
78 648.06
82 556.81
35 241.49
52 118.11
75 818.76
79 527.67
45 642.54
21 869.19
40 280.49
98 843.03
92 335.52
92 315.56
59 724.13
48 868.56
42 216.66
29 431.16
99 435.87
69 944.24
55 578.84
71 542.30
1 218.68
11 714.69
24 693.04
91 368.42
36 763.50
29 515.83
88 290.02
62 679.90
71 931.78
60 821.43
61 106.13
30 872.97
25 776.63
67 189.58
4 622.46
88 371.83
54 587.05
31 691.12
91 263.14
32 114.62
51 575.84
80 803.14
51 842.96
33 724.17
64 343.28
55 494.15
23 345.30
15 154.70
72 495.59
87 790.87
27 971.75
56 665.69
41 123.41
16 156.85
64 422.87
15 114.73
61 182.20
94 517.89
21 149.97
27 524.06
24 296.39
50 877.26
87 192.08
21 747.13
100 656.48
25 614.59
25 754.57
6 297.45
47 879.88
31 360.94
15 827.87
14 783.20
71 721.53
34 120.61
89 891.25
64 251.35
39 879.57
36 597.28
55 820.61
78 876.61
40 393.57
79 772.84
47 727.16
97 429.64
87 165.86
74 905.14
12 751.00
73 172.22
89 689.96
49 437.93
76 248.43
77 531.48
19 322.35
30 194.57
21 749.03
87 770.75
48 554.91
53 452.61
95 755.65
37 587.56
90 710.01
77 458.38
93 812.22
52 794.84
61 327.91
31 408.90
35 226.76
38 547.04
52 725.31
43 175.58
97 315.54
44 898.37
27 729.96
51 675.13
75 921.07
13 871.86
14 109.16
78 738.71
81 782.91
98 795.02
9 174.89
21 246.94
36 654.65
12 831.86
71 515.14
60 183.22
15 967.82
15 390.07
72 391.82
13 758.49
75 173.32
46 755.78
55 520.57
79 380.56
61 788.52
87 652.48
63 776.50
75 757.57
56 308.21
95 585.72
32 290.93
73 752.49
82 862.56
32 985.89
92 135.58
59 800.46
93 558.97
73 414.69
6 761.64
61 845.26
74 251.42
24 783.69
40 504.22
85 287.96
1 794.81
89 675.27
76 275.10
67 608.23
79 605.08
59 411.72
16 812.67
26 291.15
91 735.89
86 750.48
64 832.19
92 362.20
33 457.23
65 529.71
23 110.65
100 969.10
50 873.79
72 684.88
78 226.32
31 972.16
68 182.16
86 212.20
73 394.57
33 519.52
50 500.63
81 723.29
55 819.33
5 654.34
74 694.95
36 546.22
75 934.87
20 671.07
96 247.76
52 690.08
59 210.77
50 397.78
55 821.26
51 469.97
6 943.61
7 887.46
79 211.20
79 552.37
25 662.15
53 170.78
25 815.13
86 387.30
48 881.34
44 831.31
36 484.06
42 432.36
65 147.05
88 992.43
10 126.13
7 379.67
7 900.31
36 836.35
81 477.97
1 783.25
32 190.11
20 526.52
24 454.30
51 622.74
50 944.12
69 432.16
16 778.17
12 627.30
60 898.40
60 143.15
49 250.37
29 900.91
57 513.33
5 875.11
99 182.22
14 792.22
64 553.47
85 848.73
8 716.27
20 704.70
19 542.57
68 235.10
99 930.83
71 467.85
22 950.72
55 868.03
17 244.95
94 437.79
63 801.07
37 874.82
64 189.75
77 426.83
63 721.11
21 139.80
38 293.42
64 229.61
20 236.75
21 377.74
15 986.59
33 325.06
99 119.65
63 533.37
34 848.38
42 133.21
18 777.53
15 831.07
62 122.58
68 412.77
46 221.29
9 882.22
59 197.90
6 214.90
71 649.84
54 659.44
64 844.09
50 994.32
44 249.73
13 971.53
71 120.34
45 669.79
73 562.70
22 328.63
99 354.80
68 292.85
61 864.31
28 183.35
84 407.42
28 402.91
9 949.54
59 306.53
52 179.19
21 927.60
20 247.03
47 775.29
71 718.10
90 962.79
96 812.95
34 966.13
1 233.71
61 937.81
88 958.84
96 624.81
6 161.55
76 721.84
82 390.05
11 118.71
89 831.04
46 962.03
87 772.19
76 404.13
87 138.34
6 361.66
69 370.16
1 413.96
7 479.99
19 564.93
51 335.95
95 829.93
95 563.74
18 352.61
88 144.20
95 949.25
14 835.88
63 311.54
47 630.93
57 463.94
39 393.29
63 979.38
53 507.66
49 378.21
33 565.91
97 377.06
88 965.59
13 867.09
50 304.45
63 875.40
98 132.39
17 110.25
96 197.26
41 142.85
13 361.23
36 113.99
27 186.00
57 502.88
93 153.31
45 268.24
47 930.68
62 300.08
19 199.83
98 511.08
71 119.86
32 569.45
5 200.07
97 409.39
91 504.98
60 738.92
30 546.65
88 275.63
92 451.91
5 305.31
42 208.84
54 502.68
66 485.59
7 401.17
85 628.08
64 626.44
31 836.65
72 221.45
54 454.26
68 987.39
79 588.06
88 933.72
63 149.20
2 286.17
1 542.46
11 156.59
6 360.92
96 613.04
23 345.16
99 903.03
26 739.83
34 900.95
17 208.51
5 614.74
72 884.96
96 507.43
28 211.77
3 690.86
48 267.79
99 933.01
97 734.68
38 693.39
23 112.87
13 864.43
28 452.23
69 226.17
89 254.86
71 660.10
28 322.15
88 404.33
95 454.50
7 194.11
71 838.06
53 489.67
100 570.14
91 737.40
92 934.78
38 996.79
38 396.03
66 590.39
13 993.21
13 275.70
11 866.22
32 390.17
30 936.82
65 423.77
87 898.09
12 359.08
88 708.93
60 701.04
85 124.94
67 629.99
38 642.75
59 627.09
81 632.56
90 985.55
75 796.19
77 541.32
54 506.68
11 711.36
76 655.66
30 259.97
73 796.26
70 598.97
56 848.66
32 641.98
88 885.78
50 657.15
23 615.28
74 188.60
26 357.85
71 358.44
38 431.81
81 452.53
25 602.92
73 997.83
56 910.15
65 327.44
45 210.51
2 566.66
4 656.75
92 339.39
46 728.31
11 532.05
19 451.22
10 521.10
100 221.88
72 638.33
81 964.38
89 760.17
60 662.05
22 364.30
51 273.12
40 899.50
59 664.47
98 731.94
28 537.37
20 740.35
98 860.76
87 164.75
98 108.16
17 264.94
11 212.47
10 973.11
84 424.17
15 524.50
56 828.74
27 379.69
17 845.23
15 338.53
60 205.20
50 636.44
99 977.20
31 890.50
3 873.07
35 831.45
41 444.04
83 385.32
5 387.92
25 583.16
42 462.67
44 399.45
96 914.11
52 513.98
98 372.15
26 632.78
9 900.36
8 505.44
26 469.36
36 778.93
12 924.60
20 265.44
91 524.23
72 236.45
93 749.89
86 588.50
72 156.04
40 589.43
9 695.12
16 972.85
54 779.93
68 746.39
63 625.14
62 500.22
47 801.65
4 753.18
60 758.32
88 771.76
22 330.80
85 399.76
55 974.38
19 639.45
84 761.58
91 602.62
53 820.55
17 194.38
75 877.42
96 832.82
96 215.50
80 158.40
61 351.40
53 312.24
60 865.87
56 434.91
13 406.34
5 660.04
74 905.87
90 896.03
64 605.16
99 929.85
80 394.58
3 705.57
24 218.46
91 146.76
98 931.60
22 847.45
97 159.76
44 167.97
5 624.21
42 803.74
86 293.17
35 866.38
21 503.60
95 894.00
93 615.03
36 266.76
1 225.85
1 330.97
11 798.61
3 223.46
51 291.09
43 754.05
2 118.81
44 810.06
32 899.08
54 663.73
85 732.68
80 383.64
54 658.74
58 766.44
77 339.32
11 130.34
65 126.86
86 649.14
88 258.57
82 988.54
79 460.12
77 696.99
34 212.31
65 325.89
60 924.91
31 656.05
40 422.09
82 581.83
90 502.41
43 284.39
25 385.57
45 471.20
87 527.59
56 892.35
82 498.64
29 980.69
68 797.00
48 712.01
60 672.51
44 996.10
4 321.43
58 292.02
9 817.53
99 147.91
64 301.15
69 702.90
5 258.20
83 420.86
39 954.49
62 675.83
28 313.50
63 867.19
1 816.99
78 915.09
58 227.29
17 686.43
28 505.21
98 549.97
97 413.71
17 667.15
100 472.68
43 304.44
99 636.15
75 504.69
3 791.20
49 655.81
46 189.16
12 825.35
20 920.74
35 397.47
97 823.29
98 272.39
64 571.24
70 158.22
36 761.66
55 456.69
98 515.77
1 971.27
25 661.12
84 995.27
90 118.25
64 783.51
92 671.20
36 963.44
100 530.06
77 900.09
20 961.63
43 413.94
100 398.88
68 915.12
55 689.90
70 228.14
66 848.82
94 610.59
97 554.78
75 713.32
25 540.69
84 773.88
10 542.54
8 728.66
16 707.26
87 292.25
39 757.81
51 723.91
54 916.61
85 271.63
53 846.02
5 633.43
61 223.58
9 395.23
84 546.81
12 578.80
57 221.76
18 640.45
42 527.91
69 536.59
52 273.97
53 472.43
64 333.83
17 237.89
9 361.85
3 932.30
42 675.03
77 522.23
86 516.95
40 893.60
87 458.92
76 357.34
43 578.09
27 541.34
55 798.61
83 185.55
60 141.21
84 381.62
64 372.07
56 713.51
69 108.82
7 647.67
76 559.11
64 585.68
42 934.83
97 730.36
65 347.45
98 137.25
96 250.53
93 558.83
29 625.23
51 356.06
74 876.69
3 327.69
97 224.39
86 210.92
96 536.37
82 431.49
25 481.94
61 714.38
79 628.07
38 272.72
31 725.97
35 772.34
7 358.64
76 379.98
71 670.49
35 959.65
4 130.03
88 244.12
22 700.43
72 720.85
25 529.50
79 269.78
2 481.74
74 954.17
76 555.82
98 558.83
28 459.57
37 398.21
4 531.64
74 418.07
87 738.65
81 149.87
5 881.54
20 369.87
68 306.49
12 560.73
86 340.80
71 715.10
14 422.34
78 877.71
57 671.54
93 607.43
41 825.52
50 849.42
76 478.50
67 444.52
33 417.51
71 316.01
78 449.18
40 667.13
10 824.43
51 296.19
29 981.57
15 598.88
78 524.78
39 335.62
96 819.22
74 321.45
57 108.95
1 542.85
16 442.36
71 522.17
75 532.55
42 639.02
19 495.26
22 281.25
67 694.66
70 123.45
36 931.69
1 399.96
81 538.88
91 140.14
33 264.53
11 981.72
34 672.73
23 142.35
39 359.81
20 752.89
55 492.90
52 525.40
92 498.21
93 858.89
35 936.56
46 560.13
24 879.81
80 839.91
81 112.40
46 516.73
10 727.64
72 754.62
81 300.12
92 585.69
7 138.10
23 295.19
65 912.33
46 329.17
23 849.15
15 729.39
49 849.60
23 547.54
83 742.22
24 418.11
10 102.69
80 770.24
38 200.09
58 556.51
100 766.95
86 348.19
63 634.19
27 782.11
54 444.94
86 164.76
66 281.92
62 921.94
86 605.31
5 487.85
45 677.18
10 979.37
89 889.76
79 533.38
71 528.51
39 568.51
16 833.26
92 544.59
39 244.43
43 693.23
15 717.64
81 854.15
91 593.33
85 810.36
75 467.24
68 361.82
68 422.49
42 732.66
58 562.39
49 153.26
57 411.08
31 473.18
47 897.56
65 391.64
88 223.65
77 201.43
95 624.97
62 924.25
29 289.90
49 468.09
66 453.43
41 100.22
71 277.07
48 647.17
25 197.68
36 912.09
11 406.30
21 516.38
69 759.20
59 292.05
53 365.09
66 440.82
89 918.62
75 151.72
7 598.79
73 227.51
70 895.03
96 108.64
86 634.95
71 430.37
98 982.39
1 986.23
94 669.48
73 488.28
12 341.96
33 132.92
96 919.27
30 214.45
56 764.63
80 744.94
66 722.52
21 591.55
92 714.46
3 514.97
7 266.18
86 558.57
87 373.93
89 996.94
64 671.26
35 523.75
62 349.47
84 243.30
52 221.26
93 293.57
10 222.94
58 923.80
45 353.90
9 561.00
99 307.25
20 372.89
36 977.43
90 332.65
49 151.66
65 169.17
5 592.96
87 523.83
62 166.70
95 697.79
48 426.72
84 870.89
6 565.86
88 133.83
82 405.00
20 150.58
56 835.88
73 279.62
52 396.57
59 161.66
97 481.42
71 329.86
25 527.83
63 979.33
56 556.75
62 394.84
42 676.14
21 228.00
99 451.45
31 373.26
37 152.23
64 757.40
87 252.62
44 112.32
97 992.04
66 906.49
56 926.66
23 732.43
6 195.81
60 130.32
31 891.82
78 266.72
73 413.62
66 871.58
20 600.78
89 278.53
82 159.46
42 451.68
96 184.96
57 764.14
64 179.09
73 462.90
90 546.82
18 469.00
78 651.82
71 543.83
59 898.27
5 113.15
25 807.07
48 147.66
91 812.88
91 990.95
74 896.94
46 228.77
76 758.49
3 754.90
27 792.09
89 879.44
34 978.59
43 915.18
62 827.92
23 444.06
14 167.46
4 945.74
71 111.16
3 806.00
94 658.88
35 202.98
44 326.62
87 488.57
25 664.17
14 490.66
16 458.17
80 678.34
69 473.62
74 941.74
54 349.83
4 649.79
94 831.16
55 108.10
69 299.88
32 731.54
75 490.68
89 372.63
37 979.55
24 562.57
55 889.06
92 999.85
3 826.99
7 432.66
15 282.54
79 622.55
3 954.19
32 645.68
46 886.46
86 727.73
89 144.62
12 495.27
11 407.55
91 615.46
95 573.97
76 687.34
97 849.38
96 197.32
63 289.95
91 323.36
81 112.21
50 848.32
4 567.57
4 515.95
39 530.24
49 717.95
60 991.05
86 117.61
4 679.63
65 500.77
68 682.86
29 914.94
73 237.50
76 445.77
87 332.75
91 626.54
27 164.37
71 610.31
17 894.63
2 868.35
19 135.57
26 729.46
3 262.69
2 705.33
33 678.19
11 510.60
42 547.20
49 478.34
1 641.96
22 846.10
12 277.45
72 666.55
39 773.13
24 967.05
5 393.18
38 630.62
26 175.80
57 527.58
40 794.22
18 335.50
99 418.28
65 652.19
23 484.85
29 345.89
25 973.52
21 478.35
30 773.80
53 540.69
17 756.05
34 705.39
42 235.15
68 128.99
11 693.22
66 137.62
35 903.02
9 273.69
17 979.05
34 246.76
10 306.53
64 507.18
54 489.21
25 286.73
1 832.53
68 266.61
50 919.38
79 249.23
4 815.52
22 868.95
39 829.81
11 585.40
66 742.67
52 770.14
43 251.26
14 957.00
56 942.38
27 603.21
30 510.71
63 674.76
7 371.50
79 482.76
83 284.28
46 855.75
36 649.86
44 574.33
69 237.46
80 122.70
74 815.83
2 577.05
88 824.02
38 349.40
11 945.22
68 362.77
10 666.60
47 656.52
35 167.43
59 330.92
31 656.71
1 643.30
16 690.29
99 670.00
30 443.93
7 512.35
64 186.97
71 787.21
59 219.47
74 445.95
76 639.41
47 889.02
37 579.23
92 326.74
68 719.96
65 144.43
76 810.24
61 277.86
61 181.74
81 335.69
12 659.83
57 931.54
19 590.73
34 265.71
22 302.47
30 682.69
27 959.64
52 387.41
54 482.48
23 969.49
44 787.86
59 126.23
83 299.68
16 358.73
37 407.27
33 376.92
13 328.96
90 599.19
96 281.16
53 593.36
37 672.86
53 326.98
63 257.64
39 518.61
12 382.37
40 899.50
35 771.03
34 813.24
18 651.35
48 134.74
95 908.96
57 543.46
43 167.08
52 302.35
18 605.85
53 621.28
48 800.00
37 471.08
37 545.56
41 342.17
62 480.94
47 267.37
58 554.02
48 765.64
30 786.81
10 601.30
14 172.25
49 147.24
29 660.07
78 573.63
18 914.91
53 250.36
73 373.57
64 146.31
66 106.81
39 253.44
97 363.30
33 869.61
7 289.26
14 730.68
71 468.00
77 645.92
2 222.91
19 676.42
92 767.23
67 588.43
43 839.51
96 551.76
29 390.59
2 942.61
9 668.10
85 985.30
18 712.34
51 776.93
38 153.33
9 112.28
14 494.22
18 491.25
62 101.75
54 305.23
51 538.40
35 605.12
56 577.36
41 603.68
37 842.52
80 156.09
55 193.21
100 240.34
93 557.95
47 638.64
66 304.73
40 477.20
14 697.63
30 229.85
10 759.67
39 543.02
65 801.82
21 554.93
87 458.42
89 248.10
69 373.16
21 418.46
42 383.69
70 796.19
25 227.01
48 219.12
60 193.48
51 278.08
46 268.15
12 991.86
87 773.11
81 761.94
29 770.99
69 691.27
83 280.56
90 513.92
32 563.50
62 372.67
84 382.68
76 912.03
71 415.01
100 870.17
62 267.43
34 666.94
72 660.24
21 697.21
76 780.96
95 752.44
78 938.52
98 948.71
71 815.51
87 839.50
86 296.92
91 276.41
98 748.44
62 713.39
15 510.06
88 478.74
56 102.18
66 646.95
72 111.95
65 166.78
72 999.07
30 783.37
32 428.39
15 243.41
61 382.39
31 166.16
29 720.36
57 951.70
46 410.58
20 950.01
14 246.51
84 211.22
79 979.27
75 678.01
48 972.68
26 913.59
13 966.28
95 653.33
93 568.47
46 570.31
36 431.58
37 252.99
82 733.16
31 917.52
50 285.69
42 623.25
76 368.61
10 883.37
5 809.26
30 825.28
24 735.22
100 129.37
19 309.12
38 423.13
35 577.76
23 113.55
96 335.34
19 427.75
97 791.34
3 800.19
67 107.54
74 147.23
12 588.26
88 362.73
79 818.25
89 779.23
37 563.57
49 379.60
83 590.03
44 279.32
51 686.62
69 910.01
29 989.71
28 392.50
52 534.27
42 485.63
79 498.02
67 282.69
89 289.72
64 972.33
28 536.30
4 608.83
6 897.75
55 918.99
68 177.69
43 699.91
28 849.81
55 973.15
69 413.27
27 799.32
50 588.68
42 774.03
49 642.62
65 636.99
41 812.36
31 133.31
64 745.35
69 943.38
49 180.15
40 143.11
52 109.21
74 603.57
25 304.51
17 610.64
67 999.91
38 545.26
6 303.08
43 515.34
7 676.81
80 177.57
100 984.68
30 873.28
18 392.91
15 403.88
40 437.76
62 221.15
93 785.89
6 296.24
57 832.23
77 815.46
33 222.63
51 450.71
92 525.95
67 102.63
85 725.66
74 581.84
70 929.68
41 954.28
74 618.50
37 226.22
49 123.39
88 213.15
80 750.37
62 646.94
37 793.59
42 770.02
5 750.68
93 694.97
100 645.88
35 978.83
64 646.29
81 375.88
82 534.31
6 874.96
20 920.77
20 588.43
87 853.30
38 114.44
56 813.78
41 808.72
12 385.42
18 301.67
76 580.45
20 787.49
98 283.31
52 402.77
61 868.17
72 445.77
88 638.34
65 694.90
53 711.75
88 849.21
4 515.88
35 679.21
72 628.57
57 558.92
29 857.97
23 816.89
41 477.73
76 684.58
14 504.18
3 999.67
35 419.11
2 755.21
68 412.40
86 680.97
21 118.06
71 653.01
24 915.62
90 555.62
29 435.90
51 343.28
47 890.03
69 196.40
87 848.65
29 145.01
55 498.94
52 921.02
75 163.02
50 650.64
85 175.58
83 109.75
62 941.22
59 297.81
34 188.42
69 337.18
89 751.32
78 450.78
6 648.59
59 451.70
23 495.99
15 813.79
85 808.67
8 570.02
3 581.71
84 177.72
95 719.37
6 258.35
89 606.62
81 692.71
57 125.59
91 578.88
100 617.55
4 379.70
14 243.89
9 420.38
23 559.90
63 999.40
28 894.98
77 167.79
42 790.52
51 452.93
32 735.41
80 809.02
28 628.64
3 477.41
89 767.67
28 232.86
34 856.15
42 415.09
8 453.99
48 153.66
82 979.90
67 133.64
44 613.46
48 188.84
17 364.93
12 250.71
14 876.36
73 630.57
53 721.06
45 417.93
22 484.71
5 229.34
34 852.18
92 255.10
52 236.96
98 946.27
72 152.77
89 101.37
87 491.02
62 878.11
56 556.38
73 727.70
48 929.25
48 525.12
3 762.53
36 361.61
20 111.93
62 616.35
74 761.59
100 405.63
59 676.97
76 805.04
18 433.51
24 106.44
59 228.14
29 666.12
14 843.96
58 412.27
40 945.46
4 438.07
32 441.37
44 312.84
89 200.56
81 518.47
47 503.44
100 547.35
100 513.36
3 491.43
80 690.48
64 126.58
59 404.42
20 539.92
19 432.96
82 162.87
51 129.54
15 664.72
67 955.44
36 927.77
100 311.37
17 148.65
9 589.94
65 639.80
16 262.67
37 943.73
58 695.15
60 850.15
38 659.26
73 692.21
45 721.42
96 759.86
46 669.22
9 920.83
89 399.01
34 852.39
13 842.40
62 393.32
38 780.55
64 368.71
9 827.95
1 793.35
88 568.68
20 427.71
41 591.44
33 661.42
23 219.89
39 293.32
95 857.09
34 976.15
100 839.02
56 343.60
68 232.95
16 532.53
2 794.93
66 856.28
26 529.38
36 287.19
69 881.77
61 591.95
62 121.98
69 294.65
5 904.40
89 886.61
84 788.49
36 539.99
81 687.43
55 110.27
54 610.96
72 297.07
96 617.30
16 766.24
57 549.79
25 267.50
61 826.44
28 427.24
93 331.05
72 887.45
76 982.42
87 538.56
47 410.22
98 831.11
5 743.80
96 807.14
2 166.89
68 204.24
40 805.25
57 925.22
6 734.20
52 432.26
45 907.53
42 691.69
33 246.71
36 867.87
10 377.14
14 937.94
98 381.93
40 124.56
72 846.63
97 771.48
36 694.60
39 278.39
7 182.52
34 918.15
45 536.26
96 939.45
41 680.07
6 658.91
7 430.44
2 805.02
79 567.97
39 929.67
97 757.00
17 129.80
52 372.83
96 583.99
59 969.01
61 998.80
9 945.96
1 622.31
77 519.55
77 414.60
55 698.96
90 737.33
81 503.46
24 412.05
5 256.17
35 279.80
89 428.63
58 363.28
44 336.99
71 680.22
80 311.79
72 689.26
66 168.49
16 562.10
58 916.83
79 134.15
3 432.10
43 572.88
62 767.82
51 912.62
38 995.52
99 646.43
90 343.38
33 968.28
97 634.03
7 398.46
93 952.36
88 223.72
8 304.88
12 746.80
66 540.60
67 314.47
91 718.92
10 659.14
87 708.07
11 131.82
90 554.75
8 632.04
11 469.82
10 400.36
15 908.30
77 139.14
40 676.18
65 963.18
40 926.40
19 688.40
89 227.93
67 690.20
59 290.92
89 240.37
24 237.26
29 756.33
86 608.44
98 239.13
62 864.33
88 646.50
80 474.03
79 831.20
79 245.71
65 253.02
51 930.00
64 576.61
79 766.47
65 148.77
72 976.66
71 779.95
74 370.60
81 706.80
16 726.79
49 212.92
28 177.04
28 247.19
94 955.93
64 974.14
50 629.62
62 888.53
61 185.74
40 491.88
39 305.50
10 714.95
33 882.52
53 986.15
22 545.38
68 887.68
76 347.91
43 298.79
92 138.60
46 594.15
56 420.61
69 757.92
31 103.03
60 453.28
23 610.34
2 315.98
93 477.44
57 577.95
17 755.96
49 514.43
76 281.08
1 246.31
33 846.65
13 872.59
26 610.29
34 150.79
12 611.29
23 635.41
100 115.24
51 387.29
50 182.00
40 988.42
61 687.49
80 150.41
89 185.45
72 936.95
82 653.73
83 777.73
90 906.07
24 817.03
48 204.52
46 551.06
33 577.02
47 783.12
23 639.06
78 111.77
15 333.13
71 923.07
78 603.49
89 462.10
97 646.36
13 973.48
30 392.36
69 140.77
96 704.73
89 492.69
84 513.83
56 696.79
79 630.90
79 325.62
35 699.79
63 161.94
18 494.15
75 774.92
81 422.14
89 863.52
96 336.34
57 696.52
99 105.34
58 793.15
69 325.94
72 499.47
46 255.18
89 517.91
34 592.07
87 680.74
8 402.96
31 575.76
90 567.71
51 307.15
27 343.43
48 120.48
17 499.17
39 761.57
64 579.91
30 219.23
4 910.84
99 450.35
83 702.19
73 891.73
77 471.37
81 667.95
53 919.65
47 332.21
82 952.79
53 108.11
64 967.47
91 343.95
70 970.03
61 969.42
38 269.76
79 989.28
46 103.51
37 570.83
23 539.78
34 691.95
79 125.08
95 359.46
17 530.26
35 864.92
84 549.10
96 784.08
69 161.34
14 146.52
41 714.19
13 325.11
40 867.43
73 786.24
51 206.60
12 261.06
90 454.96
82 214.26
14 137.05
41 643.15
3 896.04
71 237.81
89 528.99
63 157.98
78 605.44
100 316.98
43 841.60
72 974.39
53 712.72
63 770.32
14 364.80
88 524.28
44 669.24
26 262.80
90 713.53
30 136.81
92 690.18
2 161.00
88 453.44
54 162.71
26 557.11
81 533.02
61 468.13
66 804.22
67 319.70
69 980.61
83 765.96
72 620.34
12 325.70
52 761.37
47 711.44
46 544.67
36 264.60
59 785.12
85 688.74
31 968.32
89 801.08
19 935.06
21 768.51
1 991.24
12 346.42
13 792.99
46 901.07
93 329.67
10 478.41
5 953.04
26 787.99
34 843.48
58 512.94
66 405.35
96 924.85
95 574.05
62 445.03
89 562.21
41 550.67
56 393.87
67 165.99
9 198.85
31 384.83
35 315.92
73 844.86
85 227.59
77 231.98
14 272.22
85 718.01
27 700.31
22 799.52
68 537.97
24 310.30
45 843.62
63 268.96
57 676.82
80 136.95
60 306.30
54 566.36
22 788.39
32 845.79
26 596.25
61 818.08
32 725.52
100 234.18
17 122.62
52 167.79
42 194.82
99 382.47
88 310.87
18 942.10
52 842.75
36 552.22
2 952.59
86 746.02
55 959.62
21 316.52
50 107.25
21 311.00
54 954.80
87 453.91
72 772.84
72 213.54
42 917.95
63 676.37
31 448.53
77 212.34
90 547.99
81 425.88
53 314.58
39 507.39
52 612.53
87 980.41
98 381.62
68 976.47
4 139.99
7 813.99
24 421.11
21 135.91
56 119.73
80 585.85
82 891.64
42 690.17
46 674.39
24 762.23
51 551.37
76 288.67
11 178.41
97 251.46
34 944.59
50 322.60
74 689.83
47 945.56
52 348.47
61 808.59
64 455.53
9 417.90
70 992.08
62 236.10
72 998.23
78 985.07
93 486.67
21 282.94
9 387.54
8 393.27
93 887.30
2 972.62
61 447.57
10 749.64
69 304.31
79 251.31
98 572.18
42 790.30
45 798.70
29 571.89
43 635.83
5 645.03
73 412.29
20 518.07
93 401.81
96 172.78
62 507.17
69 279.63
47 143.21
19 940.49
96 121.09
44 157.18
66 852.52
16 361.27
73 263.79
35 312.32
21 714.90
32 734.29
42 732.65
40 710.50
19 912.42
38 714.68
65 215.54
4 761.33
9 492.99
35 543.18
75 766.92
89 731.36
31 519.69
11 244.93
58 604.38
70 485.54
81 510.66
100 474.13
74 985.00
15 733.90
45 808.90
38 236.93
37 229.89
72 968.89
40 261.60
11 322.25
32 440.81
32 697.88
45 342.11
20 905.29
24 680.61
27 104.35
51 706.23
75 842.58
72 812.56
76 927.66
20 532.36
68 332.01
6 647.57
52 811.89
28 985.98
11 556.40
79 955.18
54 147.15
4 991.92
47 534.85
84 860.61
9 611.86
95 904.23
45 173.25
65 647.89
78 452.15
36 985.16
35 377.47
55 166.68
30 950.16
79 990.94
35 785.97
17 745.72
94 327.54
72 942.77
60 182.32
58 287.65
39 482.34
92 752.75
88 221.73
84 102.92
94 245.43
98 403.33
40 819.82
71 654.43
72 622.51
55 823.70
89 160.43
74 827.44
68 166.54
7 914.47
76 651.13
90 412.41
10 438.10
11 554.26
57 226.85
96 909.60
6 550.47
30 314.09
17 548.63
70 683.92
51 641.91
9 684.22
20 639.74
99 841.25
33 723.65
58 823.01
2 663.45
74 753.29
91 336.74
86 258.97
53 821.77
19 555.24
5 335.16
23 175.93
94 990.49
68 838.47
39 337.56
60 857.79
52 182.01
67 426.69
84 496.90
70 175.36
14 401.50
22 411.89
59 702.71
61 744.49
97 489.49
51 683.94
70 619.97
65 150.73
98 349.42
63 503.24
79 870.41
7 779.64
85 658.91
72 505.43
9 202.89
57 656.68
13 470.98
20 606.94
68 586.37
26 177.71
53 142.34
34 523.53
34 641.11
20 666.67
20 338.63
5 408.86
54 209.50
99 605.78
32 308.99
92 290.06
85 616.60
75 454.10
51 812.99
66 819.09
91 980.19
22 356.83
47 721.28
25 551.99
65 263.79
58 363.57
83 637.09
71 959.45
62 138.01
70 332.29
73 450.70
61 282.74
67 884.68
25 757.09
15 516.38
32 948.04
87 988.30
50 104.39
43 360.29
11 131.66
53 793.93
60 914.20
88 269.66
18 650.49
28 741.18
16 191.11
90 492.50
1 817.28
12 489.99
61 906.43
6 619.17
33 643.40
94 548.36
1 879.92
33 292.18
23 945.08
39 720.76
2 490.95
66 819.97
36 185.99
39 402.42
81 963.32
32 907.75
15 662.55
60 828.43
28 789.74
62 914.09
16 770.65
20 926.87
65 739.34
60 400.44
70 886.57
66 172.12
17 975.88
3 973.81
88 168.10
34 781.60
50 507.98
3 324.65
69 407.83
85 818.36
17 742.22
2 528.65
71 135.77
62 283.26
29 495.90
14 418.75
12 841.85
38 122.17
97 605.49
12 507.95
64 617.98
20 203.77
78 929.31
90 240.49
36 752.64
64 525.37
27 129.49
89 932.91
5 991.81
100 314.93
25 924.07
81 595.14
8 790.36
81 215.69
22 508.40
19 385.92
79 790.31
58 390.92
98 229.88
39 449.10
54 876.33
1 780.33
63 480.44
52 606.65
76 354.81
49 557.96
47 548.62
93 349.67
74 708.69
60 722.13
10 537.55
62 235.57
84 407.82
5 544.05
89 703.73
97 758.99
35 562.61
55 603.59
60 408.76
5 774.19
42 904.06
78 798.94
9 836.88
90 562.36
18 368.92
85 990.93
11 200.82
38 455.78
31 425.77
82 959.46
25 192.61
47 230.14
56 801.00
42 247.82
57 604.75
27 196.99
40 302.35
9 467.33
46 178.15
53 955.86
54 706.38
66 225.85
68 577.15
5 577.64
31 366.17
19 583.09
72 861.52
50 548.12
9 204.52
70 879.58
55 674.92
8 435.49
25 276.37
7 881.59
11 994.77
24 470.81
31 311.44
5 259.15
51 772.01
7 120.93
18 813.67
64 608.17
86 537.31
8 345.56
22 590.97
50 184.96
100 848.92
5 414.06
46 512.63
72 161.95
68 308.60
78 109.96
54 109.85
57 776.97
65 622.49
90 780.90
34 840.26
29 337.65
5 779.28
52 447.23
42 300.74
20 726.36
79 950.97
21 102.14
31 416.90
37 321.62
51 408.12
49 861.64
99 419.28
42 422.27
50 837.24
11 684.63
85 427.17
26 803.83
12 545.76
76 972.97
34 195.89
10 208.72
21 750.20
23 445.87
75 705.95
10 625.43
75 242.11
51 574.13
10 455.80
89 181.34
5 417.75
4 210.84
49 959.70
64 810.91
9 706.97
100 895.00
65 512.92
35 875.16
77 722.50
3 525.94
62 899.01
5 722.21
99 353.54
93 873.23
26 740.46
49 423.62
49 309.28
91 864.98
53 184.16
40 613.90
20 490.51
71 175.04
23 413.36
32 828.80
56 823.07
29 534.88
55 241.27
26 726.66
5 185.84
79 253.09
86 364.29
95 691.14
29 805.53
78 295.90
27 187.68
24 298.90
4 323.81
71 457.25
13 649.76
57 255.95
65 388.84
24 695.79
22 268.86
92 267.37
90 501.23
76 532.58
91 324.90
75 908.33
62 611.54
84 339.23
33 680.96
1 178.19
73 368.68
16 863.23
5 258.40
44 563.65
78 664.04
32 311.99
22 236.02
1 355.39
48 494.82
84 172.18
8 905.81
85 830.08
21 843.55
83 882.38
1 663.78
56 188.78
72 401.73
5 239.90
90 115.03
77 576.89
75 603.44
27 219.30
38 136.69
51 995.57
36 379.61
61 349.63
33 452.81
85 963.24
98 302.42
97 717.59
56 468.87
18 293.92
67 724.22
8 387.83
1 625.01
53 508.40
92 320.59
13 334.77
78 839.43
94 338.87
10 764.84
61 394.50
9 626.68
94 265.85
64 353.56
64 373.83
94 256.80
98 396.53
81 289.32
85 601.04
22 502.29
22 580.90
21 683.87
44 105.50
40 642.79
26 474.00
12 547.51
85 952.95
70 891.40
8 931.30
5 396.57
53 318.23
34 649.23
80 908.27
82 894.21
72 582.36
40 523.29
100 878.48
20 787.40
41 608.29
17 318.72
83 400.40
40 936.50
46 997.10
95 952.76
82 201.62
18 987.82
88 608.58
86 805.25
64 300.23
55 484.13
33 226.29
71 300.72
5 582.88
42 446.81
33 329.11
45 598.41
24 125.39
22 820.62
72 211.58
21 233.92
71 562.70
3 825.80
80 156.58
58 162.54
65 156.03
40 230.20
12 412.96
10 150.03
3 395.74
29 318.40
57 757.44
52 686.30
74 956.90
65 376.26
96 499.34
63 389.46
90 359.01
12 405.58
52 586.61
18 802.42
18 736.18
53 915.30
41 473.43
79 956.08
29 596.52
100 969.57
66 957.09
94 647.48
48 904.68
33 417.92
50 280.72
53 199.19
55 859.62
21 796.99
46 868.43
55 872.01
39 139.95
35 861.42
14 547.68
24 831.77
40 717.87
9 733.82
5 961.16
91 572.60
15 236.89
61 224.57
51 828.89
2 500.56
93 886.08
25 383.75
50 657.11
73 794.43
58 680.71
82 621.51
16 252.69
72 822.08
18 393.45
39 107.20
100 261.77
10 569.59
2 793.14
13 492.09
15 848.39
34 226.34
98 276.62
81 891.23
3 127.40
88 522.65
66 782.22
84 407.12
85 585.38
35 465.51
40 196.10
24 875.53
64 596.92
99 955.10
86 474.86
75 199.20
79 693.82
14 303.28
20 398.82
86 458.32
51 837.66
40 610.14
97 653.04
74 450.11
59 194.39
49 243.22
19 845.29
55 783.41
91 903.97
73 137.43
99 216.08
9 324.82
52 100.53
35 663.51
73 304.26
26 614.13
22 567.48
63 245.30
81 653.62
61 953.26
51 940.42
18 763.91
1 890.44
31 491.61
81 918.69
21 202.70
65 460.40
42 893.13
17 728.62
17 750.91
4 488.69
43 260.01
9 910.76
66 161.12
26 878.62
87 368.85
73 773.35
8 893.91
42 921.46
3 155.50
41 746.38
19 938.00
48 812.28
31 384.78
24 555.44
10 841.15
27 449.48
26 787.71
93 681.70
12 793.83
17 236.41
64 671.95
8 168.70
20 435.08
94 912.53
48 755.47
74 146.90
2 617.61
85 465.23
13 889.75
56 833.59
2 456.98
16 354.92
19 610.62
12 421.99
14 432.64
29 343.17
9 958.38
8 112.43
68 878.68
46 647.85
92 868.36
22 384.09
32 402.66
15 283.25
10 269.44
5 619.05
91 373.45
78 185.89
46 810.62
18 729.83
42 409.99
81 677.86
55 297.19
99 786.46
78 329.29
53 473.96
57 389.80
11 602.65
5 153.44
14 445.70
26 196.05
54 627.16
11 206.60
39 498.11
53 183.99
68 779.08
79 116.95
44 856.68
97 680.75
31 593.72
89 643.33
32 565.50
59 771.41
93 295.76
88 429.29
2 671.03
83 537.37
35 242.94
77 488.79
68 771.36
49 580.02
60 128.00
54 249.07
65 732.83
35 124.36
73 962.06
16 777.81
18 725.17
77 949.14
27 548.47
9 105.78
81 834.22
30 630.88
81 766.52
38 619.03
100 143.91
74 848.24
49 443.32
83 461.08
83 201.16
86 538.80
13 353.54
2 602.58
45 841.04
23 126.57
23 563.67
77 741.93
58 653.06
78 788.85
79 146.58
44 513.76
59 836.78
80 842.14
33 833.21
60 221.08
80 267.88
58 623.19
8 519.69
77 630.69
14 757.84
91 130.24
78 504.13
6 160.53
8 437.88
17 391.18
99 557.08
98 363.71
10 630.05
32 686.39
53 408.49
66 847.43
29 588.90
30 215.89
19 922.49
40 535.40
83 767.94
57 899.84
8 489.62
13 382.10
29 333.04
15 839.42
23 311.58
12 506.56
41 614.09
17 971.65
5 383.36
73 332.05
73 626.97
38 909.51
50 944.08
81 244.57
83 557.49
3 690.61
42 367.07
11 830.23
7 495.59
96 934.21
51 867.91
64 516.45
50 222.03
53 887.29
35 297.34
27 962.26
93 228.64
65 694.16
40 998.41
6 502.19
57 357.87
68 558.20
58 386.84
87 490.48
44 323.65
77 719.34
75 786.38
27 898.03
94 566.64
88 477.29
50 772.95
7 426.29
90 146.53
11 603.34
32 218.93
34 354.42
22 588.46
10 119.26
41 331.69
78 238.22
76 438.51
38 634.74
11 190.62
58 119.32
93 674.65
91 564.12
63 558.88
55 682.29
55 343.15
15 448.96
83 516.91
34 602.11
81 122.00
54 995.54
16 667.40
68 885.25
12 278.93
34 557.27
49 260.25
73 834.28
19 916.28
22 725.79
29 539.77
14 595.68
45 375.89
70 982.25
77 253.37
96 774.05
28 628.91
2 844.96
98 620.28
23 454.68
11 945.27
22 351.88
41 313.46
11 248.77
45 519.27
28 217.32
87 757.98
80 863.42
2 770.06
46 231.10
100 117.29
1 782.95
36 546.93
51 740.05
31 204.18
32 332.15
69 662.56
25 568.41
36 449.02
46 195.16
81 911.68
69 381.52
84 309.73
31 972.73
3 580.19
7 910.45
82 235.01
71 650.30
47 367.19
24 292.45
32 543.83
48 866.19
96 970.80
16 519.77
9 273.13
19 230.83
33 980.39
85 321.90
67 781.30
3 674.28
65 280.79
83 263.99
51 166.54
74 164.31
76 256.59
95 663.11
22 925.71
54 860.54
96 143.43
9 196.47
3 973.60
23 407.79
43 350.17
33 616.76
4 443.88
79 724.67
82 801.06
66 571.85
9 160.01
80 939.02
90 642.56
59 296.33
49 957.95
79 866.68
28 831.80
38 706.37
12 603.59
8 561.47
35 264.35
26 433.49
16 211.58
1 249.29
36 354.75
99 186.69
11 276.10
31 725.96
98 272.61
88 927.10
87 792.24
28 652.53
77 677.97
75 151.50
32 996.91
100 984.22
42 957.73
59 156.03
46 637.45
56 919.88
37 401.86
8 465.96
32 299.13
86 802.42
20 742.42
48 484.09
98 683.12
24 785.40
4 330.19
10 159.71
18 675.91
12 771.79
64 702.14
88 344.85
56 580.31
27 365.70
8 366.10
80 238.12
48 475.07
3 112.53
89 426.51
98 466.91
97 281.39
81 603.08
87 698.66
98 104.43
42 503.64
48 548.58
90 781.08
35 792.34
83 742.80
23 215.40
41 753.15
83 352.03
70 676.33
58 966.22
46 401.10
43 576.00
39 809.79
7 711.42
68 187.27
95 215.83
9 744.15
6 302.36
29 451.12
1 165.03
51 827.05
46 521.49
19 844.24
89 520.59
75 264.46
89 354.39
87 127.35
8 611.36
62 817.38
43 826.82
66 580.43
36 975.23
2 266.96
28 815.41
51 273.88
34 827.33
74 960.00
2 465.47
40 789.45
96 922.19
64 231.66
97 698.77
26 675.47
55 706.78
2 587.83
12 115.21
60 916.11
31 896.42
43 881.08
2 735.65
6 486.64
91 452.85
44 683.55
73 174.08
51 446.56
61 992.12
18 920.41
2 653.48
95 711.33
20 503.46
74 237.08
71 455.33
82 548.32
28 106.25
72 220.05
69 246.37
58 524.34
47 210.56
87 862.14
7 323.23
74 958.95
46 758.11
31 774.78
84 806.65
90 358.41
96 343.09
84 516.45
93 672.99
47 702.90
88 457.69
66 685.48
85 857.48
21 371.50
12 636.70
26 884.34
21 527.76
1 916.78
30 479.18
53 807.61
44 426.06
68 528.14
89 541.98
43 174.16
4 336.61
13 287.44
17 883.10
1 258.33
34 135.01
100 930.31
5 206.78
62 609.78
32 301.38
97 947.35
64 156.57
10 902.21
25 621.82
73 300.18
98 458.80
45 262.87
79 314.32
39 981.01
39 732.19
56 696.80
38 436.27
78 570.45
45 160.95
53 499.83
3 322.99
13 831.32
35 782.34
42 491.64
74 545.37
90 201.11
61 843.61
51 357.41
53 415.66
87 526.48
53 958.48
31 235.47
89 808.45
59 426.24
83 494.63
78 950.75
42 457.77
64 133.79
100 912.77
69 825.12
41 870.73
70 385.50
17 421.18
10 181.96
16 518.98
34 923.90
69 731.86
95 360.69
17 133.23
26 586.77
12 223.57
39 808.50
50 774.40
58 746.94
71 766.61
76 677.51
26 336.61
35 494.60
86 397.99
45 974.97
91 267.61
81 519.16
2 848.38
42 629.51
23 781.16
95 504.67
1 168.17
77 217.97
82 771.67
38 580.22
79 624.35
63 795.49
22 808.69
48 596.46
41 153.32
20 623.34
81 950.47
31 532.53
100 976.53
41 858.05
86 930.05
54 326.82
2 679.30
95 814.55
1 705.00
86 917.85
4 500.38
28 753.69
90 457.92
16 234.61
93 568.20
16 312.44
25 674.02
24 569.12
46 101.69
25 377.43
71 847.26
61 669.01
30 386.25
5 244.26
18 405.87
100 419.73
8 670.27
78 216.34
51 758.50
77 942.49
77 926.51
15 955.78
75 242.76
36 415.22
38 966.36
13 501.55
30 568.72
26 462.02
86 416.85
75 890.15
38 991.69
41 414.92
50 775.35
48 108.03
27 322.46
98 472.35
55 262.41
82 560.38
74 304.38
85 954.68
6 579.46
37 386.44
31 276.61
31 282.95
92 932.00
8 515.37
47 981.40
12 816.73
12 994.60
9 850.38
49 463.31
46 993.07
39 974.98
23 999.05
18 654.08
62 304.06
98 652.11
29 253.30
87 855.66
70 936.52
22 174.68
54 322.69
5 693.38
37 948.00
18 842.54
89 819.06
7 457.12
31 893.41
58 821.24
79 737.05
15 645.07
1 779.35
15 788.82
39 337.97
73 430.12
84 973.77
7 861.03
45 717.81
25 336.42
67 751.20
31 906.20
80 501.88
90 253.46
93 470.00
98 360.89
82 721.06
80 392.83
73 494.45
83 576.26
59 887.52
81 701.89
100 873.70
31 817.65
4 371.79
63 345.38
55 395.86
15 256.71
8 577.30
55 277.62
9 105.84
83 257.40
89 546.17
36 934.96
96 234.89
23 675.31
40 708.10
27 668.70
96 606.61
89 701.37
11 504.56
38 551.88
18 952.67
67 503.96
71 534.82
90 672.34
42 276.27
22 309.93
32 459.18
65 512.54
27 905.29
5 585.28
9 188.36
32 553.86
73 367.75
71 184.58
14 339.29
22 627.74
77 104.50
12 841.53
51 218.08
21 107.03
44 744.02
39 973.39
33 629.19
59 542.96
87 322.88
18 908.57
8 710.55
44 350.34
83 922.90
48 450.54
14 599.09
86 292.73
70 159.71
17 624.81
88 545.78
76 887.69
94 475.80
32 943.73
95 836.62
33 605.91
47 111.30
40 166.96
65 235.10
28 612.40
42 667.31
20 630.15
56 789.44
14 607.70
7 648.85
12 806.34
58 407.90
97 682.23
61 971.75
80 527.76
19 235.33
30 476.44
36 628.86
53 155.75
86 999.17
40 934.38
60 781.95
7 855.64
70 120.09
13 840.77
79 660.42
76 317.16
51 396.85
39 493.88
92 709.36
26 773.52
52 330.43
8 120.81
98 944.18
17 791.02
88 116.20
19 845.13
35 970.91
63 541.25
36 273.91
54 377.47
79 429.15
93 558.41
17 322.28
16 917.27
90 759.34
39 751.87
38 724.52
87 392.98
83 781.28
26 243.54
19 483.80
46 616.63
26 925.86
91 541.62
44 620.62
65 777.13
90 311.49
7 712.46
20 263.16
44 854.23
63 934.48
32 322.87
51 912.11
9 724.92
40 530.28
7 279.72
13 690.73
82 463.77
69 279.50
64 753.14
11 393.82
39 677.72
20 248.51
66 678.76
81 657.07
77 430.75
70 339.99
61 635.79
21 797.14
38 420.91
72 708.17
85 939.98
50 980.62
36 772.95
4 686.00
65 755.44
84 154.74
70 583.55
3 141.95
52 479.49
31 997.39
48 137.36
56 641.30
48 907.73
89 539.55
1 495.85
45 696.58
32 410.30
63 638.79
88 228.59
88 370.33
18 192.46
56 340.35
32 159.30
71 316.45
7 498.55
100 202.17
41 278.14
18 436.17
9 783.38
86 892.66
76 205.74
23 554.38
58 932.06
94 755.96
26 751.21
72 264.91
67 660.21
28 634.72
31 509.37
84 765.15
67 817.38
100 709.12
61 379.30
20 925.18
29 357.60
54 451.28
98 132.75
72 135.03
90 366.74
12 600.68
23 384.62
53 138.53
55 751.33
69 208.21
76 627.47
73 658.56
25 368.61
50 314.97
74 734.88
99 618.03
65 263.69
89 858.19
32 745.95
79 734.98
9 974.57
9 702.25
59 230.65
3 228.02
64 608.32
27 153.93
6 320.36
18 727.32
79 601.46
72 965.24
65 769.69
67 235.39
23 231.35
53 267.13
98 868.76
51 866.38
8 579.04
49 700.69
62 478.72
44 168.65
36 289.75
12 849.72
100 739.59
12 870.18
46 867.12
16 982.08
53 812.71
94 541.55
71 123.89
41 718.98
65 448.74
70 124.86
3 980.49
34 563.59
92 711.61
65 937.29
51 889.54
69 744.00
84 948.30
18 488.30
29 692.59
12 618.60
57 737.02
95 832.95
66 726.60
100 603.06
75 555.67
72 655.45
73 452.66
22 396.43
22 702.20
27 360.28
57 825.04
96 343.13
81 586.08
14 637.77
23 375.48
27 386.02
29 286.06
1 462.01
56 903.07
97 692.49
75 324.79
85 763.04
11 393.52
34 454.48
70 317.51
47 218.22
60 522.05
100 108.45
94 556.03
79 180.05
8 573.07
41 237.89
39 305.93
72 984.19
83 731.61
70 456.50
7 808.94
60 538.89
12 927.18
37 997.37
68 190.27
36 364.96
14 444.95
77 472.82
39 445.30
87 344.04
50 897.96
4 474.13
18 774.95
14 412.39
25 285.09
88 548.42
4 532.46
40 572.94
88 932.44
47 763.86
6 563.49
19 458.37
8 400.10
32 533.81
97 921.87
93 256.39
62 190.04
50 342.16
70 969.33
11 763.47
30 295.78
18 191.29
12 566.53
16 434.79
80 176.02
56 333.75
49 423.30
19 897.22
6 894.04
93 344.04
26 950.33
77 266.53
94 971.48
12 730.05
57 409.96
50 703.07
72 541.80
51 825.97
86 152.04
31 178.98
24 521.33
22 139.53
69 181.58
52 271.86
5 119.59
40 808.84
26 572.21
90 258.83
5 175.34
14 530.34
34 231.81
45 342.55
95 177.81
6 441.67
55 272.25
39 689.54
1 810.08
41 344.16
29 734.85
97 972.97
15 118.15
63 709.07
49 408.33
65 286.31
60 751.61
94 581.90
47 839.76
64 813.81
67 398.54
62 881.04
64 790.45
21 184.80
7 696.84
59 153.09
85 308.02
90 875.80
38 732.99
41 319.97
66 158.59
74 212.61
43 718.39
38 385.49
37 613.28
68 503.97
69 479.88
100 925.44
81 891.67
77 144.54
74 505.62
98 814.12
77 858.82
87 911.03
88 673.19
32 412.35
2 183.30
88 314.72
98 365.41
19 548.15
63 610.10
28 691.78
25 436.13
44 160.39
46 866.10
5 779.75
51 783.27
29 863.95
71 281.52
93 590.71
26 615.87
13 251.46
95 698.49
75 839.84
63 529.39
30 320.72
57 887.13
48 790.94
23 234.63
81 305.69
57 475.93
13 409.40
28 116.95
36 200.23
78 834.63
33 840.06
64 694.22
81 375.43
96 944.42
63 928.80
91 953.91
22 677.01
63 978.07
32 558.14
37 757.85
60 365.35
70 770.99
27 801.96
35 950.73
24 124.93
50 249.46
55 204.80
31 920.50
20 603.63
12 369.52
4 506.96
6 826.20
11 269.15
85 247.16
69 612.86
73 846.57
70 613.40
66 518.70
25 175.43
55 768.40
51 394.66
74 291.86
17 481.49
20 908.69
81 637.02
1 972.01
42 300.05
77 234.80
14 400.31
9 269.15
82 302.21
44 718.30
70 783.75
76 167.16
26 774.77
53 700.27
70 144.15
79 340.27
5 846.32
66 791.73
58 848.30
13 404.96
64 250.06
63 430.59
60 279.20
72 531.97
28 858.86
48 851.59
33 498.89
31 771.72
55 137.70
56 505.50
30 603.76
55 928.34
84 572.43
18 223.11
56 892.96
53 716.14
93 616.19
84 146.48
88 442.20
86 952.31
82 826.81
25 888.80
3 935.59
4 702.29
58 246.92
34 655.19
50 192.59
6 486.52
57 363.89
18 579.99
78 951.19
34 873.47
24 329.52
86 805.03
54 267.47
94 417.43
71 149.18
36 521.17
38 729.65
2 324.98
26 631.96
71 124.38
68 269.04
92 948.10
100 214.22
74 496.42
75 902.56
75 503.56
88 247.27
91 265.69
20 338.43
34 684.67
99 228.66
24 109.08
89 195.97
100 753.53
50 896.64
89 478.07
46 360.44
73 138.17
47 579.72
82 138.96
75 488.72
49 590.88
44 465.24
64 350.55
89 373.17
60 943.48
36 657.20
30 324.19
77 657.44
9 460.08
59 227.65
24 533.24
32 740.95
7 751.79
30 453.99
59 165.65
100 147.41
72 691.84
86 553.69
92 177.60
92 618.25
27 644.59
29 557.44
23 260.36
32 992.32
54 567.37
44 584.57
75 590.03
77 542.67
1 324.39
68 269.45
55 113.42
34 973.43
91 840.09
17 727.85
86 196.41
85 829.79
20 977.53
80 322.97
49 587.84
32 814.00
2 845.37
100 158.17
28 483.15
31 915.34
9 867.97
53 219.40
92 711.96
91 135.00
97 308.38
52 975.97
89 410.49
10 784.31
68 971.53
35 215.91
53 805.01
78 755.15
89 758.60
81 519.28
86 430.71
36 604.91
27 667.59
60 273.92
57 269.86
75 671.81
88 761.79
56 163.87
63 675.45
26 130.52
36 679.91
74 118.01
73 533.18
85 998.69
82 864.56
5 479.43
96 359.46
12 922.63
3 712.54
88 242.28
1 585.93
49 311.46
53 155.67
36 676.79
7 523.65
70 270.56
47 328.37
62 838.93
34 865.66
70 791.97
39 799.49
29 371.87
35 183.83
79 327.81
44 780.58
3 257.88
90 763.25
2 485.40
91 936.98
89 457.43
75 140.87
10 745.91
16 369.04
94 502.66
31 884.36
11 230.96
26 876.68
44 762.36
58 526.98
71 192.07
71 484.13
84 724.64
2 224.37
21 208.65
19 104.27
19 419.29
65 939.13
74 642.70
89 162.19
53 513.31
89 559.48
97 715.57
64 952.66
60 759.87
43 599.52
22 745.63
32 390.61
30 314.47
71 554.75
62 266.11
11 752.75
35 198.60
37 421.98
5 840.82
71 246.96
19 918.81
46 739.23
14 390.71
4 480.63
89 458.68
37 316.41
90 539.08
16 721.40
92 825.16
43 202.87
27 309.05
88 101.62
10 399.90
19 482.28
98 520.58
13 595.09
8 779.05
31 983.14
98 613.69
27 481.95
40 160.79
39 271.10
89 313.30
47 317.36
91 192.26
24 829.53
76 610.06
18 551.93
42 123.41
81 406.67
21 256.85
19 111.56
8 862.71
29 697.01
20 726.45
52 347.26
69 440.67
12 541.61
58 408.91
89 750.75
3 852.61
83 993.98
75 362.29
77 282.15
91 289.25
49 100.95
80 277.71
37 744.44
52 187.63
41 607.40
1 265.66
6 172.04
27 814.24
80 595.27
11 398.50
94 979.33
67 634.61
56 207.25
87 242.36
14 859.02
19 513.78
11 643.05
37 452.15
88 789.28
4 334.71
75 603.96
27 665.94
6 640.47
88 241.68
40 525.69
99 545.06
57 771.98
94 387.32
7 927.58
6 529.10
22 904.65
11 427.44
46 154.99
96 566.84
39 990.30
89 582.90
32 323.51
32 887.84
98 252.45
24 208.98
18 731.61
36 350.14
84 488.79
91 867.24
33 534.15
14 203.76
53 696.42
43 384.65
53 784.39
61 526.47
1 979.78
92 428.71
6 500.02
44 404.02
1 756.64
56 940.94
20 614.28
47 269.16
6 600.70
29 516.41
46 365.02
48 164.56
46 299.11
46 323.86
45 654.77
35 737.43
89 465.87
67 525.81
13 403.45
26 854.73
66 667.45
14 621.75
83 302.88
98 326.40
41 356.10
22 214.60
90 908.01
28 239.94
1 629.13
11 677.62
73 451.13
42 692.99
44 665.91
11 536.85
61 596.61
80 532.37
75 219.48
49 782.47
71 197.28
24 370.73
16 900.92
22 983.72
65 726.00
77 397.31
70 585.91
31 392.86
9 607.42
76 106.53
33 847.61
8 889.87
47 282.69
4 619.19
20 491.30
41 968.24
58 857.25
25 616.97
12 514.01
10 188.39
10 690.98
71 561.32
81 978.09
2 401.82
98 314.15
83 775.86
73 123.47
80 302.26
52 515.25
94 871.66
65 181.48
15 248.65
2 782.07
86 269.87
41 737.75
19 435.03
47 455.25
90 661.63
55 300.88
67 727.16
65 725.41
40 736.76
6 775.16
35 453.03
95 624.11
10 573.68
1 328.29
87 516.11
85 848.48
72 622.98
81 754.60
11 753.85
85 903.96
80 562.40
74 185.70
14 117.11
71 518.31
80 525.39
59 658.30
25 302.46
31 904.84
75 658.87
70 468.70
2 863.55
40 849.87
2 691.78
96 118.95
3 195.99
44 418.38
98 528.42
19 391.27
27 306.72
11 285.00
4 194.92
46 304.62
28 317.76
24 477.86
23 504.27
44 314.65
48 313.92
88 222.36
54 664.04
79 845.46
35 604.93
70 432.57
41 996.73
95 795.02
13 505.55
34 435.82
97 498.16
100 469.81
80 185.28
49 146.38
73 643.50
9 921.30
28 796.78
54 705.49
4 946.00
83 968.28
47 648.32
47 248.12
76 568.64
63 866.17
85 387.19
94 962.03
73 932.11
95 639.81
46 370.37
32 460.26
35 739.09
61 493.99
79 804.52
58 635.04
33 578.00
100 147.86
24 591.34
89 788.79
29 996.69
11 910.04
74 517.13
38 734.35
35 213.65
73 703.72
8 341.74
49 131.23
19 293.33
18 294.32
85 997.51
11 853.26
56 624.23
100 677.84
8 866.63
53 442.80
24 144.07
82 780.00
80 313.32
2 572.01
68 103.84
61 451.33
29 220.28
41 913.12
59 425.93
92 205.16
43 971.90
73 721.01
62 780.10
81 255.48
1 748.97
90 696.67
98 455.74
57 969.13
41 940.58
59 965.69
1 452.01
71 332.93
2 589.30
38 156.22
71 379.24
62 382.30
80 972.33
85 168.37
92 282.92
8 519.74
89 489.25
63 683.27
45 702.16
27 893.86
10 808.12
45 915.29
12 178.59
39 535.53
8 696.43
53 177.26
15 956.79
1 106.85
83 264.19
26 983.39
8 994.02
82 155.39
24 310.38
74 640.69
53 727.61
83 297.04
33 601.43
74 933.25
91 526.85
33 727.38
58 499.15
17 703.01
11 665.33
26 977.43
39 989.13
100 668.94
86 950.06
37 214.74
30 500.28
28 555.91
100 505.60
67 942.79
59 940.17
55 434.46
38 133.96
22 298.05
42 970.32
77 339.76
69 801.79
99 766.21
40 485.69
1 880.80
87 861.94
6 363.78
42 100.82
24 296.50
86 386.74
46 636.40
58 776.60
63 277.45
67 744.83
46 458.39
2 502.27
28 301.28
86 870.87
100 555.52
50 701.36
11 206.29
35 594.22
99 207.95
46 653.04
98 565.92
56 984.41
68 834.34
45 155.44
21 868.16
29 367.57
72 270.20
37 407.24
10 511.00
13 644.65
12 890.74
57 108.31
14 545.91
58 324.66
55 894.44
78 440.93
79 939.78
39 529.38
30 363.99
9 703.58
48 862.24
88 761.20
62 932.84
14 206.24
40 651.66
40 957.72
76 163.16
74 325.20
56 304.68
81 897.49
19 525.14
45 321.16
89 967.01
24 802.32
77 118.95
31 664.71
1 579.32
13 213.82
44 124.78
11 191.82
15 959.49
63 185.36
89 644.72
66 605.60
5 847.92
37 234.47
65 995.12
1 173.73
87 266.08
76 661.70
35 557.02
38 480.18
30 854.73
68 259.46
68 576.92
51 301.58
13 412.35
32 178.06
85 772.95
44 475.51
6 482.15
93 476.42
21 165.41
29 233.22
69 789.64
68 933.90
22 838.43
9 740.70
42 719.18
3 495.13
60 213.60
48 750.47
82 221.13
18 128.23
85 901.75
13 876.52
59 506.80
92 372.32
87 955.22
87 567.82
1 778.64
78 730.93
26 466.84
100 775.08
99 397.50
23 285.04
94 953.64
30 464.48
67 539.97
76 557.02
69 863.58
89 596.53
21 617.42
21 712.65
88 271.70
36 972.26
81 408.93
19 251.22
90 774.48
91 126.16
85 293.25
95 634.40
43 609.60
51 402.42
65 486.01
57 783.99
78 905.32
6 479.32
88 885.36
40 381.39
60 521.11
42 188.88
24 185.67
9 372.19
99 790.90
67 998.38
1 426.72
39 881.47
9 584.77
73 508.36
97 393.44
46 131.23
14 822.95
72 353.86
67 295.82
47 954.78
69 901.86
68 104.52
48 425.87
36 328.41
85 543.07
55 453.46
82 240.14
74 548.28
94 917.52
76 377.03
22 522.95
11 786.37
52 836.97
51 154.65
65 739.30
29 660.30
40 191.68
55 683.67
43 424.06
42 629.36
8 934.77
72 787.00
66 952.34
90 148.84
25 945.17
73 516.71
93 215.52
79 709.31
8 826.90
81 647.05
10 793.66
9 292.74
57 112.39
97 532.19
85 586.98
82 283.73
20 443.92
71 633.63
25 469.22
64 718.31
53 400.71
51 434.31
12 825.21
57 770.79
47 355.85
47 288.72
26 855.93
27 896.18
13 313.24
70 899.00
6 883.67
55 168.72
14 384.22
83 201.65
91 599.17
92 867.97
34 835.78
30 310.09
38 300.17
13 578.95
6 858.47
71 459.76
68 357.88
39 834.61
49 745.70
45 821.55
19 346.79
74 443.53
11 467.54
12 295.08
41 940.31
74 122.75
35 715.06
78 769.56
71 760.34
24 694.97
49 649.46
44 314.59
85 699.67
51 503.38
20 852.23
62 235.42
83 986.56
54 379.66
83 460.82
91 402.30
63 970.45
89 441.63
85 975.86
8 810.76
7 620.32
39 164.38
29 829.38
97 492.10
18 741.07
77 566.05
87 330.45
100 200.71
100 699.14
46 855.26
11 701.53
99 216.57
32 468.91
6 455.18
23 124.74
65 437.33
32 972.90
57 504.85
84 281.81
4 673.01
23 669.96
18 749.19
95 775.48
45 537.71
9 360.22
92 977.27
41 124.12
44 561.33
81 729.18
48 298.43
5 650.86
77 619.89
67 946.26
49 205.87
93 267.00
23 339.92
9 885.97
4 532.17
34 974.52
22 971.18
34 715.98
65 278.93
95 217.24
14 996.96
51 242.75
95 504.13
99 632.49
60 574.52
81 550.92
93 361.07
45 776.64
87 953.53
29 310.37
46 282.17
41 268.26
2 485.13
81 490.20
58 503.52
37 995.37
88 855.26
4 629.98
50 968.34
2 220.77
100 586.25
99 304.18
73 155.42
28 956.58
64 585.30
78 428.19
45 419.38
84 333.65
78 145.54
79 657.06
23 236.12
72 131.88
69 832.71
4 761.91
38 259.46
79 303.11
51 988.48
54 978.12
74 512.49
81 295.63
81 151.71
10 254.75
90 934.72
30 902.26
52 182.30
40 329.49
14 580.93
98 982.69
66 583.32
49 905.26
34 189.72
17 145.58
50 850.58
80 981.25
3 644.24
67 948.63
23 240.60
72 137.41
2 981.24
46 174.04
60 870.33
82 466.84
72 457.13
24 443.53
46 340.80
60 179.75
3 230.19
51 432.32
61 190.19
66 370.11
97 154.99
78 303.06
88 227.04
82 182.16
84 466.41
4 565.76
82 731.99
99 741.89
93 456.30
41 852.69
15 283.00
19 944.03
93 171.18
63 503.78
7 445.54
18 112.01
82 980.97
64 231.58
85 233.23
93 616.73
32 632.39
50 647.02
51 384.10
88 869.83
42 513.66
62 163.47
55 208.33
29 977.45
82 193.41
95 375.51
73 988.89
38 367.82
8 134.19
51 980.65
48 104.34
7 422.98
59 470.37
46 723.27
90 424.53
11 455.25
96 582.58
61 380.92
61 600.61
73 418.42
23 626.25
34 725.16
51 310.16
37 906.64
22 242.42
19 220.05
26 330.49
68 908.68
52 985.52
30 548.39
43 673.02
44 616.80
44 228.49
50 312.23
82 610.65
21 337.13
36 805.66
99 864.83
3 249.89
20 202.75
9 213.33
87 281.11
4 694.76
6 185.78
9 385.41
66 548.76
97 169.68
4 208.25
83 764.02
37 924.64
82 492.88
38 405.63
74 742.46
91 835.80
71 373.90
16 622.62
88 397.73
62 113.19
83 123.38
30 883.46
10 404.65
37 898.01
53 420.03
88 513.06
12 676.86
93 966.67
77 862.01
70 860.86
58 133.97
80 821.94
11 293.80
37 703.02
68 199.65
99 223.36
84 772.65
88 410.30
54 816.19
47 387.74
54 818.13
74 614.00
4 266.53
52 193.74
79 503.59
86 115.95
8 723.26
92 229.41
79 677.83
35 778.14
87 419.65
75 658.04
40 331.76
5 221.07
15 937.76
39 711.99
8 833.21
89 881.85
33 532.75
35 367.73
66 559.28
35 600.01
42 556.25
36 756.32
71 374.45
83 605.27
64 519.60
62 101.79
18 329.34
93 637.91
92 170.66
46 258.40
58 350.45
54 659.33
20 792.76
38 961.52
31 218.68
28 412.96
11 998.51
73 682.34
10 783.07
80 151.07
20 992.98
13 885.52
24 962.85
67 375.69
10 707.79
60 584.03
94 148.15
20 269.33
15 332.44
81 585.28
80 233.61
73 758.96
10 771.88
64 933.75
31 585.83
54 422.33
63 167.84
39 509.50
64 290.70
40 305.09
90 612.99
42 583.76
100 962.11
18 421.25
20 410.95
73 511.29
54 246.11
47 464.59
80 661.27
70 633.92
59 659.89
58 231.05
19 967.10
86 501.58
89 862.70
39 750.99
20 303.73
69 947.09
70 444.21
3 602.92
97 943.21
34 926.28
50 269.14
3 687.59
91 175.14
14 474.77
87 470.65
73 209.96
32 345.75
25 723.48
72 926.62
86 790.63
29 742.45
49 344.88
98 509.25
86 599.40
66 331.48
2 106.07
70 500.85
38 916.99
100 877.57
67 636.64
76 526.40
48 473.59
55 441.58
43 513.28
42 383.56
6 706.14
1 539.52
13 767.02
60 806.54
85 569.86
7 322.06
23 506.82
16 487.67
17 493.29
27 193.18
16 871.00
14 655.37
8 968.00
60 153.30
3 862.26
51 470.36
11 428.26
33 927.33
52 328.46
39 694.02
23 537.88
34 267.27
31 857.82
94 278.01
56 645.48
67 367.18
10 829.56
40 950.22
47 650.13
81 605.98
23 315.40
44 158.43
39 277.01
37 594.64
88 978.51
77 371.77
82 358.17
48 694.31
65 600.93
36 677.31
35 327.02
90 767.73
14 634.54
31 178.09
82 436.30
35 466.12
32 161.46
94 563.19
91 316.28
46 186.70
49 348.05
20 638.58
44 406.26
3 284.81
26 711.27
55 576.11
17 106.53
40 662.36
63 683.24
49 707.67
54 576.25
26 487.84
90 386.72
56 282.26
52 116.64
99 328.55
68 446.74
45 372.03
44 469.26
90 987.40
100 414.40
74 229.93
79 489.88
22 142.34
94 606.56
98 895.91
83 191.34
77 325.79
28 261.07
92 300.67
18 210.42
71 412.32
34 462.46
68 362.08
88 911.15
64 778.49
15 124.47
58 623.76
78 385.49
25 138.71
89 989.54
31 878.42
49 242.86
63 393.04
12 626.82
41 214.06
91 542.32
27 754.97
3 128.74
41 162.26
64 869.93
77 262.73
88 472.48
78 228.71
17 871.95
57 875.78
71 105.91
4 386.02
21 838.35
1 248.04
96 973.89
16 113.72
47 450.91
97 109.27
57 862.50
83 679.26
71 918.63
19 958.05
45 904.36
100 130.44
72 743.20
1 855.31
34 639.56
51 395.18
3 820.96
78 803.41
22 749.51
5 992.03
14 441.19
91 446.96
12 425.93
98 324.85
27 316.67
55 108.95
64 673.47
32 307.59
50 719.54
27 946.17
68 966.06
28 310.82
85 322.78
80 438.50
90 466.67
47 304.40
1 380.30
10 803.84
100 631.79
56 407.46
1 877.69
5 278.29
17 647.94
20 319.83
82 165.35
80 693.31
19 544.87
69 877.62
28 708.58
12 738.35
64 867.09
35 262.10
79 228.60
6 102.70
2 494.20
56 716.72
90 998.48
77 353.88
66 903.94
59 625.61
89 868.14
93 923.49
98 400.91
61 492.30
19 813.46
61 372.51
24 996.28
37 169.79
60 952.03
35 480.82
92 319.60
92 385.39
10 571.49
42 303.62
63 481.48
31 491.01
97 726.24
93 759.18
69 512.59
88 768.82
35 959.84
81 204.06
32 340.49
89 730.20
40 545.47
95 469.01
19 846.22
2 740.53
6 395.97
57 981.71
6 719.88
96 884.43
78 330.72
49 509.57
95 970.59
15 524.41
15 458.87
63 210.56
64 736.23
89 985.37
65 972.48
71 120.71
56 942.20
35 373.56
34 136.53
3 859.52
46 297.76
94 529.63
76 818.92
15 889.45
19 578.99
51 895.41
9 975.40
42 511.16
19 886.33
48 482.14
9 215.20
65 486.97
91 645.81
24 113.93
15 964.20
56 263.25
91 353.38
66 627.32
44 584.32
54 886.16
40 823.12
1 369.96
55 601.78
100 554.36
34 171.69
37 817.56
43 514.60
43 899.98
26 847.00
87 672.19
74 758.91
91 918.09
71 922.90
12 863.32
99 238.32
33 938.77
5 742.94
77 615.02
21 601.48
19 695.04
47 318.32
58 409.66
48 753.02
5 962.41
69 701.04
95 220.21
16 650.08
91 306.70
5 688.86
41 722.09
64 359.04
60 253.36
72 142.92
68 736.08
92 490.79
53 161.47
17 706.75
35 334.04
40 706.64
34 344.98
85 623.61
12 841.35
19 131.17
13 274.68
87 139.72
15 609.96
26 857.86
92 204.69
38 790.20
60 132.81
56 135.78
10 995.40
96 426.53
10 191.34
22 120.12
77 193.48
20 528.69
72 282.08
3 228.43
52 806.42
55 408.45
66 145.95
62 216.14
12 148.69
26 477.50
76 937.33
90 462.42
8 646.35
47 715.77
17 214.64
19 565.60
90 971.65
65 363.61
66 594.33
43 500.97
41 913.60
9 822.45
9 391.39
58 351.04
44 993.18
60 394.25
31 575.25
59 999.38
33 717.33
47 112.00
81 835.85
31 469.50
47 658.23
20 661.17
61 403.29
15 176.17
73 882.73
23 337.69
18 976.55
93 298.57
72 717.30
54 739.72
72 844.79
52 992.16
52 165.29
97 641.47
73 800.52
5 607.57
39 519.10
82 771.20
48 864.95
66 903.10
99 959.18
38 659.89
47 563.07
78 772.21
14 440.19
60 852.77
16 326.65
52 224.64
25 202.21
66 632.64
8 819.86
24 148.82
92 770.55
5 950.21
3 160.12
82 438.12
70 632.18
15 149.08
55 242.45
97 373.34
31 595.56
50 140.51
33 224.53
84 332.39
51 228.41
83 650.01
42 658.79
76 487.51
91 122.36
85 189.65
17 225.44
61 144.16
86 273.69
100 405.37
15 690.65
19 815.40
8 423.08
44 323.58
15 238.58
43 492.84
10 799.74
77 397.72
55 404.80
48 849.34
8 247.82
36 236.34
8 935.00
43 612.04
74 498.09
6 382.92
31 899.15
83 972.12
38 877.26
19 477.36
69 214.24
55 633.54
52 584.18
12 815.58
92 308.15
7 621.63
35 228.42
43 905.47
74 244.09
67 549.25
14 717.50
16 551.06
86 399.14
80 175.71
96 869.21
51 610.26
44 172.20
63 952.53
4 408.54
38 872.66
99 782.39
24 755.87
46 651.35
63 342.08
40 205.57
47 826.43
9 875.93
83 449.02
29 191.07
93 788.58
79 749.37
42 717.77
5 238.63
87 232.49
85 886.75
100 216.72
70 863.88
44 275.95
11 694.80
76 326.79
21 766.77
85 842.99
63 630.39
17 143.58
67 330.37
72 597.53
55 605.92
52 943.00
73 587.61
81 591.57
8 752.25
10 991.62
82 316.67
60 481.76
24 256.73
30 286.43
44 588.81
1 305.11
74 183.84
6 808.52
68 849.99
37 611.00
5 366.36
83 258.87
27 940.97
37 439.10
11 343.41
23 348.57
50 672.44
61 151.32
58 961.28
64 193.75
62 662.51
9 201.53
17 239.93
67 356.53
39 581.75
87 388.80
48 143.85
68 245.60
61 132.15
70 691.69
6 841.62
52 110.69
28 472.84
50 881.12
16 692.51
90 500.99
35 639.62
76 560.47
60 946.65
98 932.14
2 552.82
74 313.89
45 786.30
60 557.01
51 779.21
100 959.15
30 592.19
14 341.36
8 453.55
33 163.15
78 174.10
32 730.48
13 649.10
60 128.03
5 286.28
36 524.68
50 860.16
90 236.06
81 279.15
68 918.43
57 708.49
94 153.82
31 535.45
98 130.38
70 618.85
98 487.00
100 414.31
93 106.64
86 905.39
58 565.28
34 102.24
15 550.36
59 100.93
83 992.05
85 523.60
34 408.03
75 710.22
42 170.86
67 946.64
5 387.28
84 373.33
69 698.32
57 481.72
39 661.19
83 878.76
79 239.17
69 658.01
62 824.91
15 105.30
15 648.33
3 431.82
31 344.40
70 752.14
100 154.03
74 270.42
22 242.19
100 910.55
90 626.97
17 140.11
91 783.48
35 565.00
96 244.67
36 672.58
47 211.68
48 577.82
60 344.10
50 145.12
65 818.37
37 724.60
97 848.26
76 304.08
28 678.84
66 594.47
64 243.19
25 921.82
8 305.99
95 715.23
10 513.34
3 571.93
13 699.45
52 987.62
58 141.47
81 248.37
55 896.24
43 244.13
29 138.61
47 603.44
58 362.59
26 460.43
12 114.09
61 142.00
53 355.20
19 882.30
23 119.90
23 710.72
48 982.21
31 912.52
68 240.43
98 708.03
52 447.59
28 296.56
8 240.65
64 277.22
54 792.22
94 821.89
39 455.95
86 481.22
11 789.85
79 195.15
54 855.57
25 534.43
64 604.97
56 955.63
15 883.36
78 932.25
22 296.15
73 476.07
82 525.11
49 856.61
82 915.10
77 185.99
83 411.17
62 335.59
19 960.06
67 746.53
33 284.84
41 344.35
62 326.49
13 119.62
4 534.75
64 892.24
42 871.55
100 775.41
85 491.20
1 813.72
28 668.61
56 619.71
85 640.60
63 586.85
34 274.53
36 348.47
99 621.18
5 569.89
2 629.07
24 762.55
12 444.38
74 948.59
66 819.94
91 366.50
44 307.91
84 965.35
97 267.62
66 227.67
90 200.66
90 390.40
8 168.69
20 740.29
32 451.93
69 550.23
44 512.66
32 218.58
71 647.90
21 816.54
13 955.64
46 134.74
27 692.76
10 535.71
46 424.29
23 473.71
60 592.82
63 580.26
37 593.64
66 241.77
51 464.81
36 273.80
52 431.24
65 769.32
50 355.66
83 444.81
62 559.83
25 948.03
77 704.67
53 367.29
63 565.11
26 252.09
100 717.91
19 914.36
45 371.63
42 185.96
15 297.06
27 895.68
13 612.21
19 658.06
52 450.91
61 642.52
48 270.19
18 309.28
81 231.03
92 445.44
83 762.77
81 717.20
53 568.72
45 311.37
23 172.90
44 256.90
58 674.53
44 433.21
30 113.08
18 269.65
41 251.52
3 634.65
41 572.58
66 817.19
99 463.57
95 932.68
33 486.61
33 741.85
44 318.98
99 252.52
68 869.16
68 897.19
2 489.37
3 149.04
51 776.96
16 834.61
74 336.79
87 705.26
37 752.02
6 748.27
2 147.53
19 385.94
77 426.94
91 593.57
89 329.33
93 818.44
84 785.78
66 552.89
9 155.26
48 316.92
94 567.02
1 361.18
96 889.14
12 944.51
65 142.00
7 761.56
62 499.97
23 960.58
47 844.61
17 956.20
99 450.39
65 530.44
17 332.64
84 493.05
26 656.72
85 538.20
82 859.16
86 998.54
9 741.37
41 678.20
64 743.56
24 301.55
39 193.88
79 588.07
8 836.33
5 484.67
98 906.96
43 510.44
13 932.81
93 363.44
44 563.37
45 704.67
60 938.83
80 224.05
52 597.95
20 772.97
3 553.47
46 201.67
97 724.17
69 482.81
2 331.09
73 758.72
45 125.33
3 603.90
93 657.56
44 473.09
61 448.97
72 594.82
34 766.30
29 778.44
8 972.21
1 608.16
19 367.44
47 158.71
26 484.23
51 166.54
43 742.34
9 596.51
49 146.78
79 622.41
26 248.38
29 986.89
19 959.08
86 269.03
20 321.87
31 301.40
61 162.14
19 883.20
63 126.79
63 671.11
26 958.32
14 849.93
66 965.91
80 366.93
48 263.18
20 777.00
93 676.21
67 707.26
31 666.83
71 477.69
15 286.81
19 136.54
30 231.76
48 236.11
61 723.79
30 788.26
10 665.71
12 370.71
69 470.11
84 350.99
10 202.43
23 809.19
7 528.52
25 778.07
34 836.71
5 430.84
33 198.25
96 903.43
99 916.20
11 716.91
31 921.83
19 744.20
78 896.77
47 409.86
88 346.48
66 814.50
100 229.55
68 698.44
77 340.56
78 291.83
52 247.50
94 469.30
91 907.14
63 326.68
36 889.96
34 913.97
33 137.35
2 701.92
46 495.95
86 846.74
49 111.59
18 112.40
32 445.98
9 573.09
57 296.84
32 636.92
49 209.05
29 885.68
47 195.28
46 768.46
73 526.17
31 635.73
67 193.03
70 554.39
46 573.39
99 443.19
30 225.61
95 898.25
72 275.13
47 586.06
29 790.92
29 361.27
88 831.16
84 471.78
61 474.68
46 759.96
36 745.72
58 278.22
81 450.63
70 131.06
4 135.67
8 397.78
31 639.82
9 527.60
27 279.76
47 627.19
14 739.14
73 644.49
7 342.98
75 942.34
47 138.68
18 907.78
82 729.22
90 770.86
11 372.00
6 722.63
38 393.90
43 778.43
89 563.50
51 544.47
78 209.99
90 468.69
37 642.85
89 132.67
3 945.00
5 545.82
98 170.31
90 684.26
15 787.11
12 417.35
38 253.68
43 140.95
82 104.29
84 710.70
80 800.48
4 619.16
79 918.05
11 179.27
1 358.32
64 733.44
14 325.03
36 563.86
32 617.53
25 402.63
47 112.12
94 285.12
14 418.30
79 654.23
4 475.96
53 396.87
51 774.27
74 446.04
54 434.95
66 988.84
69 170.74
90 410.68
82 497.39
30 504.97
15 756.10
91 124.94
97 877.14
72 505.27
93 641.53
84 186.99
95 476.45
43 190.05
53 228.23
26 993.30
37 742.32
93 480.87
81 823.51
76 347.41
1 556.17
70 132.69
76 448.06
50 776.63
71 398.28
21 109.42
100 351.32
70 260.65
78 272.53
87 671.37
79 552.06
29 748.01
67 701.72
93 827.76
72 267.81
26 471.99
28 638.74
34 827.08
9 131.85
20 291.57
17 748.49
14 924.86
91 888.47
96 668.47
80 761.97
49 867.98
25 539.33
35 730.21
49 144.91
96 974.42
88 151.51
12 758.50
75 770.34
21 540.81
64 727.54
70 995.08
87 660.13
53 840.96
80 343.81
99 214.63
78 615.13
38 839.13
40 597.65
26 294.49
87 685.63
17 402.15
65 868.38
49 174.14
47 601.94
99 929.53
25 959.95
6 469.44
97 960.13
52 975.65
17 310.88
87 559.94
8 830.16
77 546.71
52 867.90
83 335.99
72 445.81
64 547.29
83 832.00
19 777.96
54 704.55
97 989.68
87 356.48
92 659.72
82 431.09
21 374.38
18 446.84
29 117.32
64 816.06
86 473.13
91 267.82
45 885.64
60 802.54
57 386.88
83 567.20
72 150.97
73 839.36
12 924.37
61 563.77
86 404.41
33 858.45
86 873.42
73 537.35
2 602.15
29 267.59
13 215.78
64 205.84
17 834.68
65 671.52
17 882.88
26 235.51
41 734.08
59 379.28
99 996.83
14 801.64
38 833.14
4 540.02
49 390.30
44 471.78
51 695.43
59 837.01
85 407.20
84 676.81
19 613.27
40 150.82
26 576.66
73 373.84
93 198.90
61 468.60
60 234.67
43 553.45
37 965.40
50 679.87
55 724.96
67 532.17
52 675.58
56 583.40
42 215.12
92 907.22
6 240.60
73 485.60
19 825.30
40 376.82
20 453.20
79 563.05
80 221.59
33 925.62
38 530.25
24 464.41
89 754.80
7 977.08
66 618.97
26 249.06
85 460.09
82 543.20
39 259.81
79 268.10
67 394.87
7 748.81
61 798.20
20 914.43
60 760.36
82 996.88
86 301.53
12 737.45
57 571.39
57 520.70
12 967.37
66 595.28
41 389.56
26 974.58
21 363.79
45 149.55
90 557.08
39 136.15
84 500.54
78 667.88
39 267.45
20 824.28
5 475.14
57 567.30
61 793.69
33 967.52
83 558.41
80 590.26
17 792.73
85 266.78
30 614.13
25 917.83
13 793.92
55 571.79
13 161.02
73 440.00
91 550.53
35 318.44
47 985.34
8 470.01
58 815.56
83 181.85
42 335.90
96 340.05
45 458.27
88 679.50
51 317.79
61 163.34
44 917.14
71 149.43
20 151.34
71 354.41
87 610.26
66 896.46
44 504.14
41 461.70
12 567.98
18 312.09
33 494.48
24 463.77
13 633.03
100 901.46
39 141.75
12 754.28
93 109.92
56 681.16
74 269.64
61 256.23
45 590.08
31 745.28
89 244.83
65 715.40
89 517.96
48 388.49
81 571.39
28 150.75
95 870.79
54 993.59
30 259.86
14 499.65
48 412.58
13 669.63
16 436.02
2 212.25
8 668.98
70 380.99
23 191.72
69 561.40
34 508.39
18 375.53
79 490.78
2 193.23
10 825.03
26 229.80
55 376.32
82 862.13
88 293.93
86 607.55
72 759.53
71 644.04
12 698.73
11 155.27
11 800.96
29 935.10
25 836.98
68 371.58
73 439.91
99 874.37
58 213.87
76 260.20
23 222.88
45 487.59
50 837.42
33 158.96
68 380.13
26 692.93
35 616.00
80 705.53
38 765.66
41 768.27
74 900.53
48 992.23
49 712.20
57 517.90
34 793.36
77 442.63
18 259.96
39 190.50
98 237.85
12 246.03
84 813.71
6 397.15
61 477.23
80 115.53
31 729.65
47 117.83
71 916.89
73 859.96
68 174.05
15 798.39
94 460.24
31 871.32
43 683.70
30 873.73
7 719.67
48 614.75
8 505.23
72 923.42
79 810.20
28 567.88
36 895.65
71 312.87
53 524.42
37 319.51
10 729.78
82 240.55
20 494.01
10 612.00
1 509.47
43 103.86
27 477.66
86 620.48
47 680.47
71 534.71
66 851.64
88 512.10
81 345.59
33 289.82
38 628.73
44 111.38
72 987.14
5 586.17
65 733.41
99 732.76
57 978.99
62 923.48
42 221.76
80 495.18
48 698.76
49 125.41
52 679.56
7 378.55
25 684.25
28 572.48
21 772.69
74 817.48
46 192.96
80 769.99
81 263.94
45 393.43
39 347.45
76 179.11
20 259.69
71 336.05
34 204.35
11 713.70
70 669.83
100 622.52
81 681.84
59 513.51
98 970.79
22 631.23
66 114.97
1 288.13
38 773.45
95 668.80
60 664.01
9 820.70
26 740.24
93 980.77
18 411.06
8 802.28
71 956.15
51 571.35
19 743.05
13 847.04
11 579.16
38 518.49
21 951.92
25 146.99
22 777.19
63 373.56
48 514.23
95 823.37
67 180.47
37 827.40
87 308.00
98 848.83
100 418.67
100 884.77
33 514.72
16 930.89
47 262.14
38 947.79
66 943.63
25 742.07
9 331.99
15 905.23
37 125.22
48 388.04
87 260.13
29 642.15
18 367.67
32 270.10
66 159.21
46 397.53
24 962.66
11 452.01
98 368.05
35 489.97
17 335.66
8 348.10
68 290.79
53 126.53
66 156.85
63 533.74
29 293.99
17 642.91
91 946.78
28 454.45
81 111.35
77 878.00
41 798.49
49 613.69
39 846.05
6 296.85
13 501.89
36 386.55
94 590.76
46 502.62
27 885.02
83 694.30
64 469.27
55 824.79
54 415.93
6 802.74
77 707.02
71 327.04
100 422.16
57 132.09
65 568.28
95 315.68
97 247.13
72 836.04
37 460.36
48 796.59
88 788.68
26 762.66
40 964.02
85 151.15
43 303.79
46 152.11
89 391.76
53 562.72
90 736.09
11 687.17
91 865.43
43 580.63
10 286.55
94 263.49
4 687.23
36 926.17
78 364.22
55 688.08
14 830.86
42 817.80
3 228.72
66 126.79
30 894.89
55 661.13
87 495.59
67 400.86
58 235.15
74 450.76
90 764.00
63 764.87
49 483.75
74 326.13
87 469.68
69 997.78
26 541.27
37 494.14
27 465.33
100 959.81
43 623.45
58 535.68
19 358.53
89 582.11
49 961.46
14 318.52
89 204.90
52 114.52
48 687.53
50 938.82
84 429.88
42 492.75
32 737.07
95 282.13
3 348.55
30 351.22
67 622.89
53 965.97
66 967.52
82 890.89
53 966.98
81 738.15
74 299.16
51 970.08
42 298.03
13 844.37
66 677.43
38 804.09
46 524.88
52 809.87
65 842.79
99 638.47
26 674.27
25 804.31
46 328.06
97 999.51
50 637.93
47 652.36
56 193.87
95 251.44
69 631.57
3 589.57
99 925.04
24 553.99
86 908.38
30 236.17
39 825.11
45 765.10
30 304.42
38 103.09
70 687.55
48 391.94
9 219.09
31 224.53
29 176.08
5 744.45
100 598.63
3 641.33
68 919.99
28 347.38
42 458.98
67 888.30
71 841.24
55 978.53
82 921.77
22 100.56
11 884.29
62 367.86
17 631.09
95 272.22
90 283.92
75 986.59
38 582.43
22 208.68
45 549.39
1 262.52
38 927.55
69 506.30
62 407.22
80 229.12
62 345.18
80 390.35
54 653.68
11 541.57
22 338.58
84 505.35
62 715.02
30 688.00
58 906.17
76 799.44
85 370.40
9 821.62
87 665.33
77 366.29
38 404.22
72 391.99
10 920.30
63 100.08
99 227.36
50 531.00
93 166.83
1 545.23
58 945.31
77 620.59
83 110.43
9 684.89
65 135.15
25 579.82
55 636.11
4 871.92
87 227.83
58 682.72
3 143.18
96 654.26
49 751.10
39 721.12
47 715.52
51 440.61
84 225.68
93 813.14
27 670.45
27 538.69
47 587.98
11 331.13
98 662.53
30 609.41
11 644.59
72 106.68
59 625.53
84 964.84
72 525.50
9 930.94
33 201.92
2 151.02
60 217.63
5 858.09
13 638.07
10 986.82
65 777.84
23 790.09
77 461.28
37 462.64
40 694.24
39 784.32
1 170.27
77 218.54
11 577.39
23 261.62
3 994.27
28 538.90
89 903.14
26 486.62
30 707.15
64 359.34
95 183.50
28 854.42
25 598.20
42 862.74
60 546.85
7 249.28
69 419.48
41 473.63
10 634.56
32 680.90
52 414.27
63 678.20
56 280.66
74 883.00
82 292.72
6 823.73
81 263.14
47 371.43
92 812.46
52 398.49
76 865.18
50 902.37
94 178.04
85 184.34
33 381.67
13 717.68
11 837.56
63 200.02
1 902.64
96 580.79
69 548.88
16 187.03
55 348.52
27 631.17
40 254.51
41 229.43
48 508.16
61 974.14
84 542.80
31 286.20
21 223.55
88 914.13
18 811.61
34 430.22
71 527.47
5 791.39
58 278.90
86 849.06
16 202.18
55 516.77
69 364.48
24 657.84
71 129.71
37 628.36
48 254.62
83 356.47
43 618.61
78 263.90
53 641.57
35 205.00
45 307.45
38 596.04
13 961.06
11 392.81
3 823.82
18 750.34
63 135.35
24 679.59
75 315.49
81 263.83
64 362.08
84 715.06
98 566.19
16 918.51
78 528.44
87 636.72
37 565.65
18 186.16
15 574.33
65 141.74
23 242.66
69 639.73
94 949.22
65 710.82
10 733.36
28 479.92
75 531.87
69 274.42
24 659.59
90 732.75
95 735.48
40 703.59
39 527.46
57 376.30
7 579.86
15 175.54
83 947.36
50 956.64
82 252.45
7 731.65
12 767.72
37 235.15
87 166.75
16 870.22
99 585.50
32 401.45
27 519.68
25 833.61
18 891.59
21 278.38
16 881.55
6 609.03
70 675.01
51 472.42
96 936.92
4 740.56
89 776.54
64 508.80
23 291.47
25 949.14
55 548.67
54 551.09
40 699.95
36 770.00
76 640.45
34 613.01
60 556.14
21 182.14
7 783.31
94 470.33
84 772.18
58 970.02
26 597.68
6 352.83
61 866.69
27 936.69
69 903.54
78 977.68
19 194.66
52 397.63
12 220.20
33 537.09
17 689.03
60 438.52
91 447.69
83 585.00
25 664.33
78 616.39
86 747.33
32 347.09
44 160.40
59 134.92
2 333.42
36 447.10
78 435.70
35 202.04
43 483.62
5 758.95
34 987.77
53 501.22
92 926.43
5 649.62
35 536.49
50 695.73
33 179.57
70 158.38
96 352.82
57 139.29
4 374.44
90 365.71
58 999.72
51 583.47
90 286.44
50 352.42
26 374.05
72 997.96
84 669.30
68 885.82
41 328.74
34 657.01
99 843.05
13 895.90
81 617.17
66 364.01
90 706.06
49 444.85
84 540.78
71 557.67
97 574.34
3 536.98
91 716.26
81 614.17
30 486.10
90 692.48
3 564.75
81 392.18
61 771.65
28 781.24
18 631.61
27 813.97
27 632.44
52 495.34
23 125.13
93 590.79
15 134.90
100 843.56
21 536.31
90 272.22
99 400.47
79 874.03
9 234.69
10 504.71
65 712.60
12 595.61
54 502.93
91 348.95
33 789.48
40 548.19
99 753.99
76 490.18
85 326.41
97 989.84
52 707.07
3 816.72
41 383.24
33 689.83
1 402.83
35 907.33
40 466.70
63 734.85
48 375.77
9 669.64
81 566.47
55 171.89
90 397.77
4 511.49
16 644.14
31 575.30
71 755.46
95 238.45
57 384.97
28 717.81
78 585.53
24 313.52
27 142.50
67 575.61
1 475.18
56 816.85
43 418.43
52 347.74
9 124.58
63 725.01
83 546.03
38 795.93
66 576.17
1 444.46
42 643.01
48 768.58
57 484.66
32 620.64
46 680.25
49 315.74
66 991.06
32 110.60
81 316.55
22 662.87
71 406.01
7 152.80
67 561.63
95 834.70
95 308.97
99 975.46
63 192.51
12 820.73
88 352.26
37 270.22
59 741.60
64 455.34
42 249.51
19 719.53
9 345.40
28 362.05
24 500.43
22 123.39
40 193.42
14 569.88
36 448.26
36 576.10
54 627.44
31 193.18
10 252.48
86 216.17
64 509.02
14 975.09
36 870.95
95 654.08
84 172.48
86 366.66
34 877.49
66 343.07
98 603.82
25 895.81
43 316.35
37 101.94
99 183.47
94 508.25
45 112.75
62 977.27
17 407.77
20 969.74
2 972.05
18 850.76
35 839.02
3 934.83
36 791.20
5 575.25
28 135.29
12 759.38
54 164.11
12 569.25
46 320.20
21 342.10
42 726.83
21 550.38
58 422.40
15 562.72
97 916.76
20 199.63
70 666.82
34 569.44
90 139.02
27 238.89
17 340.44
16 144.18
11 715.22
95 540.75
9 284.11
54 582.80
44 997.76
86 566.48
86 215.63
80 280.18
91 173.31
34 740.93
99 527.35
20 869.75
63 619.54
5 585.89
23 291.84
39 240.99
67 606.56
2 546.52
1 224.89
68 596.02
61 129.44
23 726.06
70 609.43
82 478.46
86 992.28
76 375.49
91 426.32
7 774.94
3 377.44
42 329.74
99 370.28
26 480.25
92 931.34
4 986.21
26 461.40
85 825.85
38 780.30
19 368.55
89 944.80
59 999.55
47 155.65
31 281.12
29 111.32
82 246.45
62 284.32
37 226.04
37 233.79
42 534.03
39 989.41
83 344.89
41 513.00
19 306.33
14 606.88
28 129.42
45 573.66
46 921.00
18 448.56
31 662.20
53 563.64
13 671.76
61 899.90
74 841.43
59 954.47
4 324.42
93 982.56
39 239.48
71 695.54
95 943.47
8 664.96
29 262.21
76 178.86
84 264.12
75 410.22
13 362.03
54 845.95
90 854.87
55 574.02
61 495.14
97 465.07
60 402.68
97 447.54
91 825.79
64 779.51
8 667.94
93 391.09
37 320.46
41 247.79
60 324.07
4 187.16
48 672.58
42 594.37
78 459.82
11 732.30
48 896.88
77 938.19
87 262.24
9 859.65
79 692.14
19 228.73
89 251.25
58 587.40
62 738.60
90 690.51
9 363.10
48 380.46
20 527.41
58 182.94
53 466.14
92 422.04
44 988.01
17 676.99
3 633.54
60 197.71
49 707.56
30 437.08
32 773.80
64 491.89
66 208.10
51 950.36
36 655.08
96 825.97
53 801.97
1 917.93
73 793.34
63 645.47
48 818.67
71 960.46
18 257.66
60 380.32
100 885.61
90 119.40
13 169.70
15 117.02
54 239.97
28 292.33
49 840.63
97 530.00
49 808.25
38 954.40
62 896.69
50 845.42
18 511.09
20 841.35
97 175.80
99 816.01
72 483.51
28 733.89
79 850.60
93 902.90
61 664.71
97 985.10
32 193.64
60 890.62
98 913.29
87 492.04
67 382.46
91 583.88
7 581.21
47 956.14
88 250.41
87 493.47
45 683.41
42 716.57
92 914.15
68 367.33
46 643.07
5 678.29
67 322.96
74 612.05
7 474.36
15 111.13
89 293.64
85 292.44
18 939.20
97 282.92
70 643.90
26 741.67
94 915.48
31 658.37
100 591.75
65 911.95
13 938.41
13 851.57
34 121.85
65 466.01
85 456.58
42 744.17
34 284.66
51 557.70
58 451.01
34 400.05
55 324.66
24 608.96
98 720.67
60 874.88
66 135.52
77 338.49
1 516.99
75 575.66
69 630.79
7 412.64
38 281.69
36 402.40
72 717.20
40 339.02
22 139.92
90 166.18
9 478.44
32 773.58
61 680.64
90 388.01
64 487.92
34 325.89
80 572.32
85 356.57
34 508.44
76 935.14
65 192.98
13 950.09
2 283.30
45 512.88
33 116.34
5 322.52
17 724.81
97 527.04
65 725.02
78 407.35
94 873.50
57 533.60
90 249.52
16 411.94
86 413.92
20 231.50
7 622.88
7 872.22
58 647.17
89 436.73
87 417.65
33 250.57
47 179.66
80 287.54
68 594.88
82 541.58
100 999.23
71 949.28
60 430.58
5 224.34
97 755.12
33 701.79
45 971.90
32 332.58
28 733.28
69 277.84
3 600.98
91 208.90
42 997.18
53 490.91
64 884.14
34 658.68
41 950.24
21 862.31
77 298.57
82 119.89
78 774.43
88 251.50
29 834.71
3 256.97
28 912.76
96 972.67
58 963.14
52 211.75
57 761.68
64 684.55
26 669.67
90 888.54
60 269.11
73 707.89
79 842.37
91 607.71
5 390.05
68 124.89
55 855.64
36 104.87
8 413.53
41 630.96
40 656.05
42 710.10
40 841.59
61 811.74
7 128.86
18 942.77
35 222.98
22 384.48
65 965.36
35 629.55
14 690.01
91 594.71
83 548.16
33 285.21
89 528.86
20 162.91
4 378.20
78 900.19
95 286.90
19 858.98
76 618.25
38 466.08
26 407.92
89 738.17
76 782.11
10 682.70
61 978.28
24 583.70
98 283.68
32 330.15
64 240.11
60 880.48
42 238.34
95 454.63
90 860.24
67 784.79
56 172.75
86 209.45
78 709.62
98 686.79
2 598.72
65 912.75
92 593.05
17 332.75
44 828.95
71 497.21
1 239.13
64 332.11
39 786.56
95 344.68
9 301.84
27 922.14
35 775.42
65 353.04
76 765.04
72 712.47
47 631.65
49 335.82
98 559.56
39 640.49
12 223.15
2 579.75
100 910.52
94 426.37
36 897.31
36 261.06
71 213.82
23 456.62
6 473.77
4 564.87
35 245.44
64 990.39
18 598.52
88 214.27
80 941.26
77 875.48
91 488.53
51 685.31
80 408.23
61 619.98
44 451.77
36 839.02
12 645.71
16 434.27
51 911.81
37 251.92
13 425.58
98 505.92
97 539.97
79 814.30
80 396.89
32 628.45
93 637.58
46 604.34
16 600.20
94 143.81
100 773.49
22 723.44
31 346.93
45 747.90
23 107.78
15 455.16
21 442.84
40 498.33
62 207.54
85 845.91
5 266.14
93 178.31
13 200.67
72 447.53
90 818.57
17 149.94
63 579.58
56 613.75
29 122.32
28 393.58
75 163.57
59 692.43
6 930.34
2 118.91
57 229.31
5 840.56
33 567.71
29 150.29
72 838.23
64 269.18
59 583.10
57 529.83
85 438.67
72 764.45
48 554.75
17 967.78
53 494.91
66 282.96
48 808.17
56 794.73
49 719.87
31 409.75
92 562.55
50 625.18
86 910.73
52 100.51
59 404.93
33 172.71
52 198.48
93 275.11
37 650.58
2 709.56
70 978.38
90 237.94
27 198.02
40 871.14
87 268.06
100 878.64
39 644.34
78 566.49
5 862.30
17 339.84
85 318.10
48 899.87
29 900.03
38 276.05
87 257.23
46 106.47
10 777.36
67 380.90
91 131.80
29 159.30
86 239.91
74 663.19
57 317.86
82 984.81
96 447.80
21 440.88
3 768.93
48 818.67
99 747.99
90 663.18
3 818.95
49 894.45
100 750.14
94 210.62
49 449.34
93 428.84
92 391.55
12 860.56
69 908.09
77 372.55
31 550.15
77 566.13
55 715.99
59 663.23
84 509.18
30 446.64
63 848.86
22 860.39
68 175.88
20 962.61
63 342.16
80 492.93
43 273.18
76 868.63
76 157.13
43 517.24
8 457.02
79 859.98
5 483.17
60 230.74
47 130.77
99 893.33
75 441.35
28 291.10
63 634.40
99 463.58
86 418.67
97 681.29
35 986.14
52 980.73
16 227.19
48 986.67
28 928.71
91 471.46
59 708.95
52 174.33
35 593.92
72 645.68
3 979.04
63 955.40
93 306.65
58 673.22
25 682.88
15 831.59
100 823.06
69 173.08
13 934.06
4 383.81
47 557.98
16 120.56
75 629.75
93 863.95
20 188.14
20 501.31
45 373.82
38 632.81
49 710.98
87 452.22
99 645.18
1 271.20
65 305.35
60 268.00
46 935.50
78 847.54
83 239.53
46 609.87
70 139.08
82 561.97
11 807.77
51 977.28
83 695.03
70 895.62
9 537.33
82 362.95
87 363.85
100 502.37
17 619.91
94 535.94
42 973.69
12 479.09
31 242.48
25 188.95
41 106.06
94 156.26
81 947.15
17 986.00
61 881.98
1 633.49
50 445.25
74 959.98
12 178.68
80 230.99
34 545.95
29 416.76
5 495.31
21 360.91
30 368.62
31 280.59
16 379.70
98 806.53
15 816.23
95 287.69
84 917.42
30 278.09
99 197.25
42 221.85
68 466.37
61 220.70
58 312.64
95 733.55
47 458.45
66 873.05
89 514.60
10 387.23
50 507.15
33 987.90
84 524.70
81 626.90
15 862.47
59 351.41
78 889.21
1 173.63
5 108.37
69 604.67
25 844.56
28 645.84
95 455.25
3 646.33
59 189.83
43 908.60
62 401.84
34 899.29
24 122.16
39 741.80
5 625.72
74 521.14
64 772.25
100 981.17
71 225.77
71 320.32
84 426.48
77 337.44
97 392.22
40 290.92
17 344.28
44 987.38
9 588.18
20 697.97
29 212.91
81 508.18
29 143.21
70 662.66
61 624.08
72 151.93
24 920.98
100 281.93
96 852.04
4 357.36
35 576.55
33 664.57
57 157.50
85 148.16
69 302.19
96 957.78
19 927.41
2 962.68
84 920.54
73 994.98
45 252.65
98 584.78
2 215.44
55 718.75
28 150.42
36 259.50
12 893.40
25 618.51
55 812.64
80 230.69
22 931.39
59 588.41
96 392.83
91 771.77
29 828.77
40 261.72
87 296.93
10 193.97
41 184.43
37 755.19
68 317.94
4 853.77
40 920.84
67 293.94
61 187.41
55 505.86
97 102.71
38 328.39
59 958.45
79 499.60
15 986.39
23 753.68
92 187.35
91 861.74
75 248.57
36 902.91
53 459.78
83 454.80
61 815.42
65 892.44
14 353.29
65 634.85
39 154.90
46 962.79
89 515.00
12 712.39
57 473.44
83 684.29
19 164.78
63 341.41
67 919.07
21 288.63
62 709.84
56 302.10
98 590.92
21 445.87
48 599.47
90 760.65
71 388.98
81 944.53
91 381.17
100 600.84
93 371.99
31 681.02
75 781.15
14 280.85
45 151.97
33 822.77
45 580.60
49 868.62
2 331.12
23 107.86
73 151.61
85 643.81
53 287.17
45 315.78
69 553.21
84 638.07
24 956.82
23 207.12
93 154.57
18 463.55
85 213.60
4 594.24
48 143.52
33 517.32
78 840.32
39 980.45
37 283.04
17 199.84
96 211.95
8 403.96
20 778.20
32 255.86
97 974.83
8 727.88
40 650.86
35 983.71
59 248.34
100 915.50
45 935.90
46 695.79
32 922.86
51 261.42
76 244.63
29 616.08
6 724.44
73 484.31
14 821.09
1 530.43
49 524.72
74 837.92
38 879.92
76 404.35
65 605.21
38 846.66
11 271.45
93 796.57
26 220.03
67 203.83
64 177.51
16 595.24
94 415.87
17 338.40
15 286.49
71 932.20
31 629.20
33 180.85
4 477.83
13 844.77
5 766.84
62 321.71
79 585.07
77 916.71
6 107.18
93 978.51
99 723.49
11 336.24
56 135.12
92 365.14
99 825.86
38 627.47
51 769.02
2 453.80
1 417.13
83 585.57
51 212.27
67 818.96
1 130.64
69 456.36
62 193.47
68 773.30
10 174.72
80 627.95
20 808.58
31 976.22
84 373.74
53 565.76
98 555.55
60 591.00
4 465.90
77 204.80
89 744.97
54 828.10
83 605.20
74 552.33
54 591.99
46 954.28
45 375.84
25 646.47
21 959.82
84 972.41
34 477.08
74 749.22
24 766.25
86 854.72
88 862.04
27 481.10
29 880.26
99 212.58
98 883.23
55 876.78
40 811.22
70 548.27
18 392.46
99 353.69
73 753.48
90 744.97
32 434.77
91 561.96
22 960.65
49 132.99
42 342.69
11 655.95
10 690.27
24 414.52
13 171.96
33 955.13
49 620.38
3 416.21
71 783.30
85 736.42
50 694.62
16 147.22
48 196.22
78 827.00
54 501.17
73 631.45
60 506.78
19 294.05
90 653.02
65 282.13
44 502.42
47 330.57
40 335.25
83 527.44
4 412.32
15 782.65
11 919.77
70 234.78
38 884.44
67 448.89
73 732.83
68 503.49
74 491.20
19 859.78
6 349.59
100 630.74
76 914.83
67 689.35
1 916.60
60 680.46
30 149.96
75 586.69
99 540.31
21 917.71
8 390.11
74 542.65
98 785.21
91 258.89
66 512.39
22 756.78
70 789.71
28 910.02
42 319.51
32 305.99
26 500.13
68 607.70
10 377.34
39 293.29
52 381.52
22 547.90
4 946.72
20 750.90
85 943.71
52 100.74
25 337.28
70 210.53
7 220.86
12 327.68
39 877.41
30 115.36
44 268.56
24 178.03
71 636.93
