4000 1000000
47 766.94
75 583.15
9 259.21
7 509.85
81 970.62
45 183.12
58 934.83
47 290.00
6 951.16
98 179.17
47 371.22
28 109.07
6 657.07
30 715.29
77 741.49
21 230.16
27 920.20
79 624.23
19 172.53
58 259.19
90 728.29
36 706.93
54 376.38
73 197.04
91 468.67
46 962.30
89 642.80
23 153.99
41 665.30
93 246.83
14 499.31
85 941.38
27 713.13
41 838.23
47 984.04
15 196.30
23 413.41
94 957.65
15 453.03
90 265.09
54 717.34
63 741.22
43 744.36
26 923.91
36 639.27
86 698.25
75 610.73
90 688.21
66 248.91
16 844.13
13 678.54
93 481.46
29 412.58
30 147.52
100 143.69
12 926.13
11 558.41
4 590.05
18 191.83
13 625.64
29 538.89
13 301.83
11 682.38
7 395.67
90 996.91
27 264.26
55 101.88
21 342.18
4 567.58
57 584.31
25 443.82
39 573.18
35 318.25
41 676.83
55 526.31
73 689.88
76 792.71
19 239.45
84 923.62
60 184.58
90 404.58
67 670.06
38 889.36
23 164.10
37 212.20
100 669.01
73 226.98
76 193.38
64 413.88
7 174.60
78 507.38
25 341.30
59 485.49
6 324.52
89 891.66
91 380.00
65 283.49
78 904.70
37 760.41
82 943.54
17 183.15
76 484.74
23 957.63
34 597.60
83 173.18
78 978.93
51 412.09
77 491.11
69 770.39
89 759.74
71 754.67
26 737.20
92 375.37
46 665.49
93 312.48
41 613.72
30 357.19
7 499.62
65 110.94
18 104.31
42 287.99
78 861.11
10 964.48
1 871.65
89 969.22
14 669.40
72 138.24
40 298.13
11 957.71
49 316.30
36 897.61
1 233.40
89 293.14
48 213.31
44 365.58
39 985.19
52 123.80
98 280.93
62 118.47
79 537.08
36 574.38
90 477.84
74 190.34
55 998.97
15 547.94
98 371.05
24 459.65
58 620.81
64 247.83
15 461.97
75 581.92
83 670.22
8 105.47
26 930.08
54 185.63
16 785.78
98 574.69
69 990.10
91 907.24
87 860.26
32 381.74
92 290.60
67 497.82
69 971.53
38 285.02
34 498.39
100 897.48
30 192.56
99 957.13
46 813.57
65 899.49
76 719.50
18 723.19
42 698.25
21 393.30
16 163.28
54 484.87
81 958.12
9 115.88
44 389.53
13 822.83
99 649.47
11 959.14
29 326.23
6 751.70
71 761.74
80 859.93
8 396.96
35 423.91
64 475.20
40 577.05
99 355.07
29 791.14
18 134.83
73 192.13
5 657.46
62 933.05
32 661.11
86 798.83
76 800.60
97 368.32
47 194.17
50 112.64
56 425.96
73 196.95
94 372.81
98 827.60
81 325.68
11 650.63
34 861.54
13 469.84
81 222.97
82 797.58
8 543.50
83 338.43
86 181.38
73 975.00
14 622.37
75 283.14
37 239.57
8 864.94
76 240.98
16 259.19
32 144.72
27 736.40
30 403.40
36 401.79
79 367.25
82 238.76
86 163.53
95 988.77
39 593.64
33 515.68
11 341.97
36 823.42
24 120.76
9 787.40
31 507.34
65 745.07
61 690.40
36 105.02
70 167.49
74 819.23
20 377.35
46 810.09
3 238.86
29 453.39
86 201.02
47 929.99
38 634.28
36 955.03
96 380.21
79 325.28
87 670.61
31 806.11
62 763.40
49 174.13
94 960.52
99 915.42
84 723.05
50 991.11
63 695.90
7 771.20
64 175.03
56 951.68
8 341.79
86 627.71
26 691.61
69 730.85
100 936.89
95 709.83
70 680.59
50 120.44
69 273.16
85 213.92
74 694.51
54 270.21
90 184.10
31 763.15
53 841.86
64 290.18
42 578.13
34 866.37
77 498.82
52 364.51
48 767.57
24 503.82
25 321.01
60 889.43
44 752.16
18 496.59
14 925.14
58 752.21
74 140.88
30 995.78
26 404.48
12 331.51
33 111.73
83 784.09
29 974.27
64 375.53
25 564.15
51 996.14
98 791.19
92 343.17
14 476.08
9 157.89
47 360.50
61 537.51
22 708.57
38 253.91
16 208.09
94 126.96
30 293.35
31 922.80
9 350.70
70 779.36
41 510.46
53 679.70
96 724.78
28 449.03
40 441.27
93 150.80
17 140.49
98 435.78
49 353.95
89 557.10
10 974.04
9 203.38
52 198.29
17 878.33
88 924.69
64 274.42
52 821.14
25 974.96
19 429.48
47 276.06
45 825.84
21 832.35
79 276.71
37 354.41
35 967.83
14 743.96
14 540.78
6 312.16
80 203.26
27 609.53
93 711.47
64 527.17
20 392.62
68 716.49
7 148.32
3 687.36
48 631.89
50 895.43
11 877.34
25 207.08
10 293.77
79 557.82
84 870.86
86 283.30
3 489.87
16 620.95
29 790.59
33 263.27
14 347.01
36 834.53
58 597.22
23 514.01
44 573.27
33 738.95
87 330.75
30 875.54
59 955.44
42 640.89
85 821.07
22 663.88
16 271.49
41 942.07
92 640.19
78 679.79
24 108.05
17 907.19
3 402.10
90 918.52
2 613.99
21 832.00
76 365.04
34 909.46
93 737.71
34 863.64
96 408.73
27 716.25
57 168.94
29 551.67
49 516.01
7 307.93
80 740.60
65 352.45
67 350.27
68 155.70
60 249.86
11 269.33
1 402.31
37 900.26
68 344.09
69 475.03
39 174.74
54 258.23
38 380.28
5 189.07
40 162.39
72 507.20
78 900.33
69 441.39
39 833.90
41 933.49
30 104.18
64 968.21
60 518.10
37 986.93
53 222.34
18 924.51
71 935.09
89 704.57
77 234.66
59 451.98
31 728.58
72 461.16
53 197.53
43 226.91
25 990.76
61 194.83
4 481.72
50 314.30
99 810.08
91 368.82
22 818.39
13 955.87
33 313.97
40 221.40
85 238.41
65 995.45
59 398.03
92 336.22
94 836.73
63 516.88
100 592.12
43 543.71
99 226.87
57 658.70
39 875.79
72 415.36
22 291.61
32 991.15
52 665.24
64 619.48
5 915.26
18 151.78
46 784.41
54 786.17
47 125.66
58 708.51
94 590.13
39 756.36
96 817.98
14 899.13
49 769.58
64 769.35
100 306.01
65 576.76
19 331.49
2 551.72
84 726.67
81 131.66
30 930.34
34 670.55
45 355.11
27 921.60
58 230.00
74 269.43
54 303.48
28 109.30
12 497.22
75 419.74
91 715.29
39 440.61
77 654.20
49 359.26
11 599.14
44 530.07
4 941.92
83 284.42
60 913.80
88 388.50
35 739.22
59 341.55
48 725.91
15 991.04
64 675.85
99 865.18
3 474.63
9 333.29
44 424.89
97 259.23
65 292.76
59 563.18
40 336.06
3 805.08
24 860.85
2 633.35
40 349.24
40 747.69
20 868.30
78 373.93
55 757.87
91 433.90
18 689.89
23 817.34
26 812.47
21 928.99
21 669.67
61 532.18
8 151.38
95 245.06
90 784.64
6 574.40
28 870.84
33 402.20
96 198.48
48 591.07
80 280.93
59 343.64
59 561.48
12 640.94
57 984.34
26 977.78
16 369.47
64 949.13
32 572.53
6 906.05
91 240.87
38 131.38
2 960.74
17 795.47
55 595.40
36 668.81
20 346.69
75 417.44
58 996.66
68 408.98
23 657.62
69 396.65
71 439.79
82 383.29
72 357.89
78 407.94
90 547.65
92 528.29
65 970.74
65 413.99
63 207.93
41 431.59
87 627.67
25 874.45
95 468.91
59 831.76
53 317.83
85 476.89
84 393.74
61 430.98
56 469.78
53 539.78
97 172.51
79 964.46
3 589.69
53 249.80
79 290.18
39 507.74
17 813.63
43 926.55
20 899.63
18 929.28
84 236.45
2 821.39
33 222.80
46 995.25
90 384.15
16 303.83
42 524.59
69 458.17
58 300.57
55 626.88
21 952.90
69 656.10
20 651.05
60 156.19
56 863.11
24 782.35
46 798.36
45 789.40
15 489.74
46 924.88
25 793.12
10 632.82
23 730.03
45 962.54
76 577.22
6 306.53
71 102.19
67 902.03
73 527.98
23 165.01
36 689.84
37 934.55
90 822.28
87 332.79
74 257.64
98 712.51
27 533.38
85 855.55
1 661.54
46 483.78
78 515.41
16 833.42
60 502.01
45 595.76
57 286.25
63 834.68
14 259.13
44 642.12
78 488.12
66 999.07
55 583.43
30 117.59
48 338.45
11 455.40
20 233.43
48 156.33
43 978.85
24 929.61
14 687.03
43 804.10
53 314.07
84 199.15
22 483.26
78 370.61
87 387.04
49 126.77
43 554.27
80 141.91
90 541.86
73 162.63
70 282.91
93 710.03
1 448.18
97 103.64
13 758.13
33 648.27
21 696.65
38 760.56
44 514.28
70 217.33
62 404.89
2 842.22
57 404.57
29 211.71
70 696.70
86 323.92
81 303.75
92 994.00
26 771.32
62 781.16
34 544.57
51 314.17
40 836.18
44 506.35
45 297.04
94 348.77
41 993.27
16 760.33
16 969.68
58 161.21
8 874.41
55 787.56
99 654.19
14 676.15
20 331.13
43 745.94
30 648.32
76 763.71
26 317.92
56 412.26
45 534.29
58 139.36
23 779.07
4 539.15
47 367.55
61 443.76
62 525.13
98 453.71
79 458.28
14 924.62
39 487.96
84 452.43
18 633.88
12 302.22
99 168.52
58 933.51
53 711.85
75 750.89
40 640.46
32 758.35
63 633.49
50 982.64
47 410.46
52 362.05
17 136.68
10 154.74
69 988.01
93 853.31
86 672.85
93 300.80
69 416.59
14 210.83
49 172.91
40 998.64
52 716.14
92 364.36
26 116.96
94 964.96
1 262.40
49 878.67
26 248.88
95 665.42
96 952.45
87 503.03
85 101.85
57 858.65
11 250.97
45 938.88
38 423.50
6 881.98
20 177.58
72 672.70
34 664.79
6 708.79
40 217.91
56 876.69
30 832.41
84 766.74
40 324.44
82 600.97
34 327.84
75 484.38
60 306.39
60 702.35
55 419.25
79 508.02
51 272.83
28 523.33
48 921.15
88 389.16
28 238.78
78 124.65
50 222.20
79 344.32
53 386.47
13 433.78
99 746.53
58 716.73
69 902.62
59 322.32
31 589.88
78 738.52
82 617.48
40 987.63
98 646.22
14 173.12
90 227.17
83 743.80
97 842.75
23 113.25
60 242.58
52 152.50
88 208.21
62 190.21
60 766.34
100 111.84
20 983.51
87 132.25
55 872.42
58 346.31
68 776.70
18 892.72
2 628.01
29 354.66
5 895.79
48 624.98
24 547.06
3 485.44
20 683.35
2 504.20
46 384.10
61 955.93
35 669.54
36 471.63
26 151.62
76 147.45
30 142.31
28 758.19
89 882.05
88 443.16
33 749.51
16 549.16
29 206.18
42 641.87
21 139.89
93 107.29
70 867.56
95 977.33
24 290.67
100 910.44
52 546.28
20 155.93
16 646.83
72 619.61
20 115.22
80 723.59
95 975.11
60 880.87
14 688.46
19 142.37
92 975.68
57 775.62
6 305.19
64 666.23
74 168.56
43 443.72
98 945.22
62 342.26
100 672.31
33 356.39
24 712.74
84 393.40
30 661.70
9 984.18
81 712.79
51 968.82
24 849.65
6 709.46
60 947.71
49 342.54
18 270.12
37 741.99
59 184.74
100 932.80
65 174.45
87 152.07
40 685.96
26 865.77
60 627.22
21 345.83
70 615.01
21 955.98
19 133.36
28 998.67
60 565.85
6 272.27
77 306.46
49 783.74
76 844.32
8 390.80
5 365.12
43 907.32
11 480.72
26 642.59
66 311.11
82 727.24
36 936.05
60 625.89
99 230.26
17 597.53
97 400.04
5 827.91
82 353.25
76 907.82
5 662.94
39 585.35
10 132.22
1 123.47
47 298.94
35 300.99
8 553.27
2 435.87
18 996.37
70 157.90
98 213.83
42 633.93
53 244.26
12 395.33
74 976.25
77 133.20
47 483.10
6 591.80
1 971.02
34 980.80
84 926.86
32 219.95
44 131.25
59 578.82
45 649.74
63 161.58
100 837.63
69 781.73
86 276.35
87 500.56
52 446.94
87 107.06
90 988.06
74 904.60
32 653.24
54 441.44
7 934.30
94 367.98
75 846.46
13 754.03
54 242.85
37 683.12
66 652.51
54 411.90
83 438.54
25 993.23
53 611.30
83 297.88
69 580.68
64 779.48
63 989.41
5 638.55
66 660.76
39 752.88
39 188.19
18 908.24
68 440.61
83 190.01
20 351.42
12 310.87
72 371.99
24 688.84
94 558.07
10 405.50
52 986.88
26 266.76
65 409.77
35 816.13
5 823.85
41 503.28
18 279.55
90 668.40
76 823.84
29 707.20
92 995.68
21 760.32
59 249.22
85 336.70
79 159.25
66 153.22
98 305.75
62 407.16
21 544.94
14 597.69
21 132.70
1 857.20
62 488.72
96 697.52
97 958.28
74 894.46
13 214.01
35 900.72
1 965.38
1 118.74
30 824.98
45 941.79
79 969.99
98 954.84
10 849.83
9 553.21
92 701.06
26 593.75
51 627.97
55 510.39
87 392.05
16 729.05
82 457.45
16 229.87
55 125.12
98 526.78
83 583.16
20 988.08
58 292.91
47 230.50
38 917.70
82 926.64
50 648.92
13 189.07
63 327.91
96 871.10
17 234.94
40 792.34
37 718.63
9 806.82
66 698.32
29 514.41
48 348.67
18 386.47
62 733.40
29 533.89
15 880.60
27 760.22
42 245.78
25 287.66
91 114.79
8 618.79
68 544.46
34 215.71
34 980.56
76 563.86
55 232.45
63 344.95
78 684.94
49 963.30
33 256.84
9 876.89
81 564.57
86 112.22
69 414.82
62 898.97
50 798.69
27 989.40
18 407.82
7 225.65
73 767.76
77 443.65
26 739.58
92 974.08
30 249.22
36 215.06
78 315.19
38 470.29
16 990.96
10 368.23
25 226.73
44 545.27
96 896.95
67 199.18
49 170.84
74 433.06
83 132.08
79 888.85
79 205.17
43 295.56
11 156.62
43 591.44
30 120.89
67 209.99
85 833.67
71 749.83
38 563.29
96 831.44
8 106.71
70 828.38
7 170.82
65 383.09
77 823.04
2 818.68
97 909.61
15 651.48
3 645.81
92 683.44
30 237.45
90 336.75
24 379.65
30 201.90
100 882.67
60 564.08
81 630.47
84 174.77
22 144.93
2 374.30
65 842.11
23 991.60
96 260.72
56 813.38
3 801.97
23 709.93
28 361.87
65 263.66
19 202.40
54 431.69
52 393.66
78 279.70
62 961.22
70 469.89
34 893.63
20 649.70
93 669.75
64 457.29
27 934.68
71 234.36
66 763.83
26 338.62
52 267.47
21 987.81
55 975.01
6 789.03
1 290.44
2 738.63
72 430.79
60 894.37
20 607.06
43 194.55
98 839.26
52 307.02
8 267.02
92 365.94
12 954.96
72 948.94
16 684.29
65 304.95
75 586.33
54 928.31
57 769.79
87 982.28
13 192.75
33 288.73
93 109.25
33 894.40
70 901.15
55 653.92
50 688.64
62 806.92
22 602.18
69 301.62
51 324.72
48 334.63
15 908.51
40 968.38
62 224.58
62 204.95
82 307.55
95 778.46
26 647.35
84 634.31
80 907.57
53 956.66
97 811.55
20 601.86
24 738.68
12 371.14
19 373.99
24 311.20
83 566.78
72 776.91
78 483.73
2 715.32
67 221.86
85 132.94
31 914.88
19 192.60
62 328.02
50 531.08
82 145.66
20 339.92
25 870.31
1 337.88
19 267.17
98 912.43
13 363.18
52 897.84
77 343.83
89 360.37
46 169.23
47 874.62
47 650.85
55 520.03
85 893.80
100 799.99
2 970.68
98 173.45
90 552.33
8 745.48
35 816.27
40 315.86
7 710.61
73 175.62
98 749.02
54 192.37
67 947.69
84 737.02
96 307.19
76 854.91
7 419.67
50 670.87
70 534.86
5 113.52
71 437.88
13 664.16
45 634.32
65 627.65
33 707.07
44 250.06
47 524.29
62 401.75
76 948.81
12 937.73
52 881.29
40 634.29
84 485.88
5 501.93
11 104.09
14 420.64
76 670.36
56 907.77
59 809.93
94 732.02
90 462.38
91 176.36
9 852.22
14 594.01
3 152.59
6 970.49
44 633.42
36 335.35
84 384.62
10 825.30
1 523.54
37 765.42
80 549.79
43 151.71
64 814.91
22 991.53
72 551.02
2 359.87
40 492.65
37 951.92
60 994.22
39 860.26
16 231.52
75 477.72
92 398.30
12 636.41
13 426.06
35 859.51
2 699.44
13 555.14
46 994.74
87 954.05
28 852.05
19 376.35
96 517.42
21 418.74
21 253.46
76 970.19
56 810.74
64 244.48
67 515.86
49 625.44
35 917.90
37 123.10
56 333.63
60 800.14
1 792.07
27 164.74
23 174.14
56 930.74
58 152.18
83 227.97
30 393.73
63 169.36
97 233.88
37 541.61
29 123.78
62 383.87
98 235.15
21 923.91
79 843.10
64 186.21
45 800.59
35 237.50
11 778.79
87 657.48
18 883.33
72 558.49
30 208.15
83 257.39
73 494.23
83 690.84
88 743.38
56 110.71
27 210.46
1 855.02
71 398.38
65 526.73
79 493.37
29 274.52
22 425.21
63 580.84
6 886.71
94 297.37
19 999.74
46 522.91
7 363.81
79 604.88
13 740.18
66 154.78
18 914.53
90 679.32
62 839.29
40 142.03
98 353.50
80 605.71
31 705.64
55 619.38
98 218.39
5 118.04
66 130.86
33 691.69
16 641.80
63 412.17
43 969.18
98 299.25
2 748.28
24 403.45
39 993.43
35 194.97
82 241.01
53 626.61
92 737.84
43 333.73
56 567.98
96 564.35
91 188.02
86 982.87
30 884.30
33 132.66
37 650.59
18 572.68
6 737.02
71 909.18
27 266.54
24 388.49
87 995.74
3 673.79
19 928.80
47 782.10
6 761.05
38 398.66
71 962.13
79 553.66
27 841.36
87 910.27
88 212.51
33 190.17
10 603.94
81 647.82
22 523.66
99 159.53
83 224.15
80 983.37
100 404.89
66 346.63
35 187.54
92 843.86
4 343.79
85 690.00
82 511.41
85 848.65
91 704.49
23 384.58
90 321.36
7 601.89
26 713.24
24 229.72
40 859.05
57 114.30
82 808.48
57 256.44
45 678.94
11 756.72
19 396.39
59 489.91
10 634.88
17 377.42
3 730.95
84 229.54
69 829.19
67 674.19
81 690.80
94 473.00
68 770.99
13 200.87
99 218.34
70 387.04
98 108.36
37 322.20
75 555.21
82 740.03
58 471.45
23 205.21
47 183.63
97 163.37
39 768.62
1 393.39
36 347.84
6 495.26
89 747.11
96 769.71
56 192.63
25 905.59
3 590.50
50 971.60
30 752.43
71 579.60
22 154.76
56 124.19
56 131.54
97 921.92
28 629.28
73 945.07
73 990.11
3 332.51
87 557.71
21 419.04
82 518.40
42 167.20
1 312.53
42 105.03
42 864.08
26 791.05
31 698.98
25 804.14
19 343.26
36 371.40
99 403.77
49 804.74
44 749.41
3 527.28
8 515.81
94 440.40
83 539.00
86 664.18
31 498.04
50 515.37
80 159.15
15 502.27
75 768.98
40 489.45
69 315.48
25 705.92
36 751.08
68 893.09
79 236.34
98 546.23
6 551.66
28 203.36
96 205.73
65 215.38
26 940.51
49 694.08
47 572.87
27 860.49
40 516.71
100 179.57
31 168.58
39 605.46
11 650.08
29 374.90
85 189.27
60 229.39
52 514.88
60 260.08
99 789.02
49 375.78
28 610.70
57 877.78
32 347.97
64 711.39
26 690.87
20 327.97
9 469.69
84 555.08
89 187.57
55 128.70
22 304.91
17 442.57
18 716.75
99 175.54
46 825.23
35 564.11
31 866.35
50 957.90
17 670.43
18 873.61
28 201.37
58 398.64
31 756.59
18 713.20
72 474.31
76 689.91
64 339.61
34 330.02
40 473.01
48 857.46
85 839.49
76 518.78
16 959.26
7 664.49
64 858.57
85 256.96
98 299.43
21 785.17
35 889.48
69 274.81
75 472.40
79 524.67
5 681.53
6 206.25
23 819.35
91 510.89
6 309.84
57 610.34
2 246.12
85 991.31
10 979.42
75 380.07
15 757.93
82 979.40
79 299.96
61 595.99
39 815.92
5 852.96
6 160.37
7 765.19
27 101.10
83 473.81
46 377.00
39 767.66
18 280.20
94 645.83
47 482.65
25 360.28
96 510.73
89 151.94
62 104.68
61 963.50
35 112.08
23 111.80
44 279.93
70 699.58
72 189.71
95 516.76
82 308.49
88 894.31
4 626.85
57 241.73
58 760.32
29 511.53
75 820.02
53 651.26
85 491.51
71 684.62
46 996.87
35 635.98
29 305.36
46 213.13
61 124.02
50 482.15
14 235.46
63 628.57
57 107.49
3 318.98
11 811.68
55 647.33
79 107.50
74 996.36
72 343.72
94 717.24
92 619.76
11 514.18
23 382.00
16 175.37
53 962.28
97 349.67
18 560.58
50 955.06
80 921.37
35 883.06
94 764.50
17 765.17
50 506.99
78 452.90
74 135.41
4 749.67
11 835.63
66 716.49
15 307.81
6 180.38
29 294.74
80 395.73
21 335.23
15 894.02
30 693.34
40 253.85
83 391.33
27 873.75
21 482.62
94 861.20
2 290.41
92 858.37
55 565.05
56 207.43
10 967.05
16 235.44
40 230.61
73 972.13
71 163.27
49 198.42
15 537.95
94 782.08
44 509.20
3 541.66
81 423.87
40 716.02
54 666.02
81 539.83
39 201.46
22 651.31
99 595.98
2 164.72
46 421.18
25 822.95
75 439.92
69 227.78
45 755.37
11 764.27
14 104.48
53 239.92
55 222.50
13 656.96
85 796.89
72 189.27
58 778.17
22 411.63
58 472.94
58 798.10
58 146.48
57 893.03
48 653.13
98 634.53
81 327.71
16 473.37
26 623.39
90 666.51
92 302.70
95 423.63
4 848.02
97 503.62
99 171.63
54 281.95
86 299.95
52 124.53
50 350.42
49 701.81
79 607.02
73 475.36
19 265.12
24 243.35
42 221.54
65 942.12
27 852.91
83 505.55
51 283.95
76 960.43
23 460.01
67 141.87
56 331.24
54 844.94
21 152.81
59 742.11
13 358.83
3 982.05
27 268.00
91 482.13
15 245.68
23 675.87
72 488.47
69 708.17
74 203.96
51 756.66
68 543.31
4 505.66
83 867.56
28 484.73
58 114.58
69 130.77
45 553.11
11 399.03
44 694.75
80 523.34
31 180.44
71 310.00
74 689.96
4 457.92
96 333.89
44 284.09
29 198.64
29 852.34
9 568.47
3 495.01
73 697.56
93 735.85
26 983.52
11 909.31
17 521.22
33 499.22
70 606.55
98 214.92
65 824.66
90 807.59
18 534.12
83 683.15
53 105.32
50 769.08
48 690.54
5 673.28
2 926.63
85 238.84
74 814.44
97 110.00
67 619.99
89 284.01
9 858.10
22 271.10
10 718.98
30 713.79
28 518.90
88 196.41
77 716.87
6 487.43
94 653.71
72 560.65
64 276.43
70 662.52
13 866.97
55 554.66
25 983.38
96 141.17
8 317.56
64 965.57
62 166.92
9 430.30
18 994.92
18 503.52
71 851.35
54 631.53
71 486.45
70 964.15
20 510.04
38 912.84
72 780.51
20 918.66
93 603.56
79 849.47
41 546.50
76 627.93
8 842.98
86 921.78
93 398.85
28 544.05
18 940.85
78 881.34
90 854.44
9 261.71
11 902.01
85 358.76
92 598.00
52 977.41
38 191.03
36 268.58
18 187.85
70 723.21
37 949.12
46 540.68
81 529.95
15 776.63
11 114.74
21 330.79
93 947.32
15 381.49
89 922.43
32 458.09
29 304.97
14 318.16
39 754.27
56 712.54
34 364.27
49 688.18
95 351.12
2 817.92
93 925.90
71 163.53
9 394.61
56 172.50
9 428.44
10 501.52
89 334.04
34 601.33
61 600.15
85 225.97
12 755.15
79 375.57
56 731.14
21 682.39
40 284.23
61 981.74
64 932.91
73 262.71
26 355.31
56 421.69
78 558.95
50 166.78
99 307.29
85 152.94
12 469.10
83 485.53
91 932.43
94 480.17
75 531.38
20 823.07
38 617.55
97 609.54
51 938.96
11 191.38
96 290.53
49 656.81
16 968.00
7 749.30
14 848.93
48 616.60
4 875.07
49 809.16
62 518.09
1 578.70
4 961.28
23 894.59
39 358.26
76 466.40
82 291.40
51 255.35
69 723.96
32 839.98
27 751.18
42 627.43
31 813.40
48 427.77
31 793.15
16 803.22
75 189.59
59 477.34
74 419.57
76 735.23
50 993.58
25 338.81
51 238.97
51 781.10
47 816.52
45 148.15
25 465.77
99 983.03
12 961.46
73 362.23
5 392.11
88 547.45
35 733.19
63 823.01
42 450.33
4 957.09
73 591.88
93 208.31
27 946.95
33 302.49
16 431.07
25 111.95
98 495.69
12 633.28
46 588.61
74 260.56
84 425.00
90 323.30
96 442.08
19 951.54
41 847.41
30 758.46
63 786.00
54 615.36
41 171.14
38 495.76
45 872.35
67 222.03
71 403.95
81 883.97
76 857.80
57 615.26
13 353.39
37 717.03
70 190.37
33 390.69
99 997.16
40 135.50
96 482.10
5 242.72
90 254.54
1 756.42
15 758.60
91 154.44
80 826.30
92 613.69
83 844.67
48 783.53
22 923.66
67 533.74
89 526.69
12 970.34
33 989.98
84 245.49
45 371.28
62 431.89
26 931.37
41 140.08
69 832.52
86 581.61
28 872.73
74 226.53
73 998.33
38 125.45
86 677.85
41 874.80
26 871.02
85 537.43
15 376.33
21 569.87
62 180.17
78 382.76
61 893.34
61 376.18
80 258.80
37 327.93
35 399.69
36 414.30
49 538.99
93 184.77
19 535.12
48 921.53
15 556.94
79 261.26
40 150.45
77 299.88
63 488.09
68 925.11
5 279.80
87 614.72
69 639.72
68 357.08
21 509.04
25 666.85
6 150.26
21 187.95
61 693.50
73 838.69
98 571.69
76 783.50
9 393.50
56 746.29
57 380.10
28 684.07
64 162.36
79 477.35
47 370.97
91 152.16
90 577.75
72 394.21
84 828.12
34 332.40
76 581.57
45 970.26
30 462.07
55 693.27
71 531.24
26 240.56
96 700.60
2 213.04
78 311.24
92 843.26
51 997.38
36 704.00
89 299.80
48 455.78
33 887.40
55 965.21
65 328.44
97 139.61
9 807.69
47 728.66
59 794.25
25 408.49
82 847.64
75 346.87
49 443.97
2 184.65
10 796.91
21 837.06
59 706.41
26 727.12
36 762.19
99 235.63
39 437.75
2 844.30
97 646.14
44 765.90
31 223.71
54 934.73
53 458.72
6 607.95
55 654.51
97 905.42
86 755.04
85 380.52
5 755.01
83 665.55
71 956.13
32 173.27
47 508.37
31 314.98
48 910.35
100 674.81
91 512.97
19 785.58
5 373.81
72 869.44
55 280.03
83 771.73
64 744.90
45 678.36
39 609.72
50 346.64
19 838.24
22 531.58
26 121.35
6 254.02
54 123.25
69 344.91
89 157.83
96 837.14
21 203.72
54 974.93
62 893.93
70 492.03
80 180.10
70 227.90
41 168.98
23 340.86
85 681.44
52 860.45
63 846.91
11 644.52
9 502.74
15 501.40
79 519.09
64 155.52
68 205.89
25 457.86
63 866.48
44 364.77
66 222.46
73 704.94
38 601.30
96 145.03
96 993.55
8 190.03
50 104.82
89 606.81
77 535.60
82 716.84
19 209.50
52 722.57
76 602.53
22 786.86
25 247.49
56 384.62
98 273.23
40 620.81
48 675.69
6 702.36
6 179.46
67 594.85
95 116.15
25 748.00
27 787.83
35 817.83
84 362.18
10 430.43
42 639.23
50 928.50
3 550.97
34 939.87
24 835.06
93 416.04
9 594.96
18 621.77
19 152.29
85 713.70
88 537.14
60 847.60
64 365.79
19 399.26
69 371.65
20 728.57
77 162.76
93 693.51
19 598.64
60 876.70
28 492.74
44 395.22
40 931.17
56 105.17
59 985.27
22 616.24
72 862.06
78 573.66
71 974.12
6 970.59
88 912.24
65 515.26
61 825.96
31 237.40
8 715.00
85 536.24
40 769.31
40 273.49
27 360.82
27 122.03
16 283.52
8 586.56
9 330.10
86 847.52
64 175.09
40 161.61
88 683.64
67 430.14
80 520.23
72 465.29
72 745.94
72 879.76
70 901.94
46 624.00
60 248.03
80 279.09
15 486.30
3 186.34
31 207.11
15 486.23
16 931.62
44 500.43
3 527.65
32 274.19
58 574.40
74 742.15
41 955.00
91 701.48
13 475.57
62 674.60
28 912.63
26 327.45
25 221.46
5 966.63
2 333.87
28 250.13
18 266.73
76 916.44
40 727.65
78 314.03
37 919.89
7 269.49
73 538.25
92 837.51
71 755.15
47 567.36
10 948.46
98 186.35
62 662.56
35 871.55
10 572.66
95 635.42
89 779.60
97 554.43
39 466.26
84 576.87
78 506.46
16 278.71
7 100.58
56 324.72
63 372.12
33 475.75
93 898.06
55 168.91
94 722.41
18 134.55
58 626.87
21 121.94
68 144.96
13 439.67
12 689.60
98 683.65
19 407.71
88 962.07
32 273.77
15 772.73
28 753.92
91 895.66
100 929.07
14 194.85
50 656.80
52 599.20
97 587.16
56 884.90
40 113.79
76 534.26
98 120.08
22 776.06
14 615.76
88 743.93
69 311.49
31 346.10
61 103.06
6 627.84
7 816.42
40 529.34
92 766.86
10 436.86
67 725.11
45 952.05
3 568.39
19 665.71
41 819.63
27 387.51
72 748.11
31 895.33
52 187.80
82 280.82
91 979.96
10 190.31
77 581.86
81 229.67
92 995.62
99 622.32
94 139.88
77 303.14
8 386.72
51 466.39
80 515.44
100 173.45
60 633.65
18 577.14
42 703.67
38 827.93
24 461.36
67 152.95
8 909.08
43 911.01
2 459.89
31 426.96
51 248.88
67 802.21
26 731.96
17 564.75
4 477.80
92 692.74
95 166.47
57 698.10
72 879.33
90 260.92
5 656.09
83 328.67
54 532.15
20 532.71
22 172.75
33 650.22
99 988.68
21 318.93
15 344.50
73 713.45
59 328.17
86 218.28
61 974.73
27 997.66
98 714.77
82 560.47
54 897.35
32 621.15
89 139.27
49 888.67
77 568.40
74 959.79
65 109.39
98 274.19
1 769.89
82 279.31
6 725.75
27 845.05
30 484.97
32 777.16
91 572.91
95 177.30
59 373.61
55 892.49
12 667.38
2 519.46
25 585.00
52 115.96
78 232.43
39 780.04
31 895.11
33 618.82
18 619.83
40 557.75
42 337.43
98 585.59
25 791.16
84 466.97
4 135.35
26 232.34
33 203.19
32 446.91
51 675.85
67 660.63
70 590.63
87 861.79
84 581.32
90 146.10
24 974.70
13 751.17
66 846.44
23 354.28
85 686.04
92 425.23
57 893.01
32 176.33
67 176.15
93 279.53
93 282.53
80 150.22
87 820.44
96 970.36
2 948.72
38 135.37
45 793.57
18 674.99
87 954.27
34 679.91
61 386.89
28 183.79
20 888.05
79 893.00
39 264.65
19 938.27
20 466.01
100 595.19
17 637.44
10 731.24
13 671.64
11 706.28
65 210.82
34 317.12
18 544.25
34 612.28
45 950.36
87 424.72
40 466.78
36 262.39
81 717.78
47 365.80
37 732.24
34 837.90
71 136.77
52 309.39
68 315.08
25 255.76
79 321.86
82 675.99
75 186.22
92 228.59
98 841.77
55 102.67
20 172.16
43 277.77
51 542.74
82 996.49
88 344.23
59 391.44
80 585.09
13 119.45
85 563.47
73 618.26
69 232.58
55 650.51
16 702.93
92 554.20
8 846.97
94 410.05
62 187.94
31 897.64
21 933.96
83 388.58
74 118.48
74 528.42
43 663.55
94 657.83
18 944.91
60 556.45
85 355.58
69 529.24
17 847.95
31 173.52
24 769.14
44 172.05
65 772.51
61 760.33
23 702.39
40 745.84
79 922.35
24 853.25
9 800.70
41 147.65
62 727.30
55 457.92
51 357.47
33 313.53
13 146.54
30 505.65
18 332.75
26 917.23
76 924.06
33 335.30
42 917.71
74 188.60
55 931.17
40 761.47
83 343.76
94 813.50
35 549.69
99 902.69
98 586.05
43 948.66
78 294.64
28 270.26
51 639.51
20 969.75
81 499.16
40 701.41
92 403.17
7 932.46
62 461.30
45 385.99
28 789.12
5 192.55
76 978.89
28 523.21
23 566.88
30 152.80
41 404.45
79 677.36
1 571.39
60 370.03
87 391.61
77 783.77
73 991.21
30 872.17
65 511.53
59 163.57
11 763.97
96 989.94
51 336.46
87 809.61
55 677.95
61 487.71
34 548.59
78 141.84
41 726.75
4 515.82
11 260.40
98 373.81
96 990.27
30 488.12
31 529.72
25 179.72
74 704.41
33 179.64
68 514.63
95 897.14
87 647.12
72 425.95
51 628.65
84 667.31
21 965.59
89 331.31
89 103.93
86 393.25
6 936.89
66 290.51
95 825.63
87 790.76
18 409.58
90 943.54
35 363.89
40 880.60
84 740.49
35 755.48
59 119.80
13 103.23
13 747.77
28 159.59
80 460.69
5 154.73
36 799.87
8 303.74
77 457.09
22 247.42
97 928.25
41 937.69
83 404.25
50 628.52
78 177.44
95 366.11
15 792.04
4 663.55
23 357.11
24 417.16
98 786.22
81 869.77
36 870.87
100 257.73
49 802.90
60 343.75
96 307.90
3 361.24
20 977.62
13 638.93
70 496.33
11 884.29
51 412.65
96 812.66
70 738.32
60 567.63
65 881.27
57 111.75
78 101.37
55 243.12
75 898.23
80 446.68
41 921.14
74 768.72
3 838.16
65 114.30
78 625.04
4 528.49
20 898.53
6 960.02
2 997.21
27 334.38
18 372.70
18 909.27
92 402.66
76 394.52
4 502.03
37 975.87
38 500.82
35 262.12
27 115.93
51 210.82
30 657.03
34 374.42
61 620.42
71 634.35
43 961.42
50 566.13
31 169.69
3 743.85
16 663.46
99 782.65
92 510.78
56 866.43
92 669.74
33 542.49
24 507.87
49 749.45
54 948.40
100 721.36
39 588.28
47 827.47
3 538.10
29 333.42
57 945.89
1 492.72
17 581.99
95 381.05
68 200.17
24 818.92
1 837.62
25 691.33
32 353.00
93 320.69
32 321.38
23 591.68
25 262.02
68 265.36
8 757.01
53 278.49
1 355.24
46 965.35
59 961.71
39 468.50
84 705.00
24 304.40
61 433.24
85 810.32
10 341.23
55 845.77
16 396.73
79 361.13
93 658.96
79 520.13
29 310.38
100 881.36
11 229.98
23 910.45
80 801.70
66 754.24
48 914.57
10 742.75
67 859.86
22 337.85
82 306.59
28 297.95
37 473.04
85 509.78
29 299.20
81 736.89
63 730.04
18 198.08
56 364.92
73 182.00
74 616.86
79 316.95
6 536.68
85 604.07
60 988.47
84 558.82
37 419.98
28 894.02
60 825.99
10 836.74
7 185.51
46 884.58
35 853.56
12 829.66
63 328.03
12 782.74
40 924.82
42 285.81
94 970.91
88 329.14
33 189.70
15 752.16
78 744.23
66 834.65
50 344.88
42 499.42
97 913.93
2 689.42
27 151.11
39 227.76
47 739.19
37 723.64
30 314.24
82 392.50
25 126.56
1 965.72
22 454.98
46 174.24
16 218.25
78 918.32
62 905.63
83 170.45
14 527.38
41 535.72
49 521.97
21 824.07
91 883.41
20 442.75
47 999.29
57 266.98
60 450.20
47 467.32
91 667.15
29 274.39
99 837.95
51 317.41
47 100.92
83 448.06
5 973.12
49 752.78
46 543.48
5 957.77
28 991.73
92 242.58
84 169.74
76 767.63
12 933.22
94 447.21
37 983.57
100 464.47
47 672.27
42 121.85
89 151.22
1 751.74
37 912.18
95 457.39
11 628.04
88 512.98
35 411.65
34 590.45
74 556.78
1 421.88
90 841.31
37 791.86
39 339.45
81 474.43
3 668.59
30 590.57
17 613.98
27 402.84
74 190.04
42 475.25
51 967.06
94 399.64
78 628.35
68 470.81
69 813.68
36 951.75
3 977.51
16 324.24
83 305.19
94 459.23
3 153.84
46 905.80
89 201.89
11 946.91
20 460.03
5 886.34
2 385.97
48 233.68
100 621.99
71 121.08
97 410.24
86 375.51
100 915.89
28 123.70
71 433.42
44 959.74
56 969.95
46 767.07
74 500.23
61 229.83
34 822.29
45 975.30
60 196.49
87 322.64
53 477.74
92 228.01
19 256.45
17 331.13
38 513.35
70 650.46
93 202.93
88 701.73
97 987.96
6 638.36
36 201.27
76 139.63
89 598.67
96 895.85
43 354.79
77 944.91
41 530.73
25 100.75
68 905.10
10 884.95
61 127.27
2 695.13
77 623.74
80 238.57
16 996.46
33 225.94
91 774.57
42 841.70
56 395.37
17 334.54
59 779.65
64 300.05
67 900.23
55 136.21
67 335.91
3 281.93
19 334.41
46 224.07
29 411.91
98 160.52
37 896.70
93 502.87
12 115.39
23 660.79
48 935.93
24 722.63
98 950.37
38 776.24
68 965.89
21 409.90
85 920.44
22 516.27
53 568.49
15 453.80
68 860.13
67 956.67
18 900.54
38 871.08
71 815.11
80 525.01
16 246.32
57 334.60
45 125.46
95 277.90
21 803.82
82 727.30
58 576.11
17 424.59
30 685.97
13 700.84
15 208.37
86 808.19
12 869.70
99 845.17
79 840.90
67 211.72
100 337.10
8 411.25
18 458.07
27 447.30
80 942.85
48 672.21
67 795.86
41 370.23
19 292.08
10 359.14
21 883.16
46 568.37
78 992.97
6 651.69
78 969.71
61 438.48
6 163.85
48 974.79
93 275.29
2 741.76
51 217.38
73 531.55
7 643.10
58 323.76
36 423.03
72 751.07
66 184.48
50 133.34
44 263.72
10 142.78
69 483.05
51 924.55
97 635.91
52 354.27
2 258.09
62 660.81
46 241.65
21 210.99
32 297.20
55 333.79
61 723.56
76 134.02
97 795.58
70 548.92
1 736.83
95 613.43
67 596.45
10 321.54
10 608.54
89 588.03
51 376.28
59 460.09
82 537.65
18 766.20
45 472.89
57 726.50
3 784.87
100 336.25
100 293.82
4 527.44
56 111.53
84 117.52
34 398.51
22 916.09
45 706.83
15 611.04
67 928.72
14 132.56
9 396.39
74 909.89
28 157.40
24 613.45
97 561.05
18 124.87
85 944.15
56 375.48
5 753.62
4 983.16
62 353.17
45 736.17
69 764.01
32 946.04
92 931.39
90 718.15
47 252.90
32 502.22
8 540.75
27 773.72
37 262.80
19 244.45
69 646.73
2 171.84
4 952.71
83 280.33
14 640.80
3 491.43
47 721.63
65 752.43
2 146.06
83 936.69
62 843.53
76 413.50
13 162.61
100 480.82
39 874.47
100 684.55
3 624.98
57 865.57
54 766.90
79 258.07
34 527.50
73 828.25
15 723.97
32 318.21
49 528.42
81 820.46
63 742.96
59 971.65
20 690.89
19 924.98
48 304.29
47 314.51
76 830.15
25 408.32
29 654.75
80 463.20
15 240.44
65 644.10
42 737.31
27 555.77
38 461.36
67 574.14
74 537.65
51 136.29
75 825.69
8 505.31
16 181.23
44 748.18
69 525.43
46 103.43
58 448.98
17 531.44
88 844.80
43 828.88
92 100.45
13 706.79
45 494.33
58 988.59
15 972.77
60 236.99
73 861.06
94 467.91
13 436.97
20 780.55
27 865.08
89 368.34
48 690.13
3 819.82
55 767.96
99 499.99
2 185.99
78 869.95
21 694.66
48 994.17
40 548.73
37 877.91
50 411.53
21 241.28
77 574.52
31 535.33
48 849.17
66 716.43
94 184.85
19 566.71
71 102.35
6 777.96
45 508.56
1 335.48
98 735.39
78 576.83
76 801.03
53 467.18
86 228.55
47 205.17
96 697.59
4 224.11
70 477.93
99 698.98
83 478.75
48 749.78
55 677.06
91 146.68
11 579.02
96 734.46
3 126.29
52 500.89
4 472.50
26 816.85
16 394.07
32 215.40
28 293.67
69 484.00
79 437.51
10 977.77
58 519.06
98 430.47
27 754.56
96 542.18
33 160.16
89 902.36
13 111.04
57 310.26
18 177.75
52 683.81
36 585.82
48 316.79
4 733.93
40 802.72
85 752.00
55 869.54
12 709.39
40 241.04
15 973.85
45 788.91
21 766.51
41 527.26
60 537.11
30 714.67
75 838.04
74 611.31
33 644.21
10 667.65
3 913.92
33 356.17
41 962.40
100 403.48
92 574.84
46 900.65
10 999.17
41 636.36
68 168.22
11 392.82
70 333.93
59 657.61
56 179.70
37 709.95
18 416.78
30 607.49
36 319.93
28 775.76
61 541.61
41 307.57
52 360.58
76 883.02
20 135.70
83 349.15
11 856.61
67 666.77
97 527.05
40 225.87
10 344.35
82 569.33
85 251.49
91 733.74
51 793.23
69 861.18
44 111.98
59 753.32
23 234.04
59 270.02
34 671.76
16 745.61
71 830.57
42 633.78
74 435.08
2 544.70
61 137.32
15 766.35
33 565.30
60 316.58
40 927.92
60 802.28
3 923.86
5 860.04
68 348.98
87 451.90
7 109.98
43 548.23
14 796.08
21 364.14
71 909.00
10 349.56
80 469.21
60 795.81
12 633.68
98 820.01
58 692.24
88 480.87
61 747.83
61 419.72
45 843.53
19 998.34
93 212.59
25 644.61
69 978.97
71 396.48
76 469.80
9 331.35
26 128.45
7 577.44
100 518.67
15 466.91
30 298.62
51 973.77
93 639.68
43 234.94
44 638.60
68 978.83
16 883.35
44 531.09
57 599.13
19 934.21
9 399.00
22 577.51
11 585.13
58 456.43
70 175.05
81 285.95
77 578.49
25 102.16
55 994.86
2 645.90
40 575.13
79 586.19
81 368.87
87 284.87
92 754.09
22 736.56
70 855.72
60 884.13
85 731.81
41 355.73
88 534.64
81 437.17
3 129.46
95 920.07
78 796.69
93 994.69
40 175.07
31 951.02
64 679.97
30 291.03
9 960.64
14 947.76
47 539.13
80 456.94
17 568.24
86 710.95
83 696.90
26 342.36
85 969.00
90 411.48
60 908.51
59 726.41
13 681.24
43 913.51
88 586.00
1 590.74
7 550.62
78 669.70
38 818.81
72 612.33
26 354.62
83 694.99
18 107.02
27 894.86
72 801.19
50 987.94
23 522.27
17 339.08
60 782.55
89 399.55
78 749.73
9 624.41
67 755.85
28 304.49
26 649.95
3 943.55
71 360.14
70 472.95
29 928.13
8 145.60
24 450.28
13 375.39
98 430.54
34 385.11
27 225.44
99 865.17
63 416.33
5 983.30
71 306.65
98 810.17
55 431.37
45 940.67
49 414.51
33 856.67
29 239.59
87 233.13
6 213.28
59 951.46
27 455.43
94 140.91
17 879.69
50 245.96
24 373.26
77 939.38
48 677.66
64 690.77
63 308.41
20 786.85
87 308.47
17 416.02
21 942.08
45 864.72
37 732.20
77 482.49
68 674.76
72 117.95
9 463.82
74 239.47
23 883.60
34 548.27
88 363.21
48 621.87
69 257.44
85 991.38
94 373.80
78 335.93
6 786.06
57 821.40
25 186.02
70 709.27
28 653.57
56 559.71
34 203.51
41 102.71
39 542.91
93 423.58
69 511.31
85 407.04
57 454.74
51 910.25
94 209.30
82 816.83
48 518.53
45 876.36
67 428.61
37 426.50
89 456.81
73 217.29
80 768.90
42 359.46
85 247.29
69 354.31
34 787.51
3 934.02
61 284.34
47 364.36
25 939.43
49 117.02
44 515.51
30 314.16
16 589.19
95 467.41
67 652.63
39 870.99
28 131.93
51 311.22
6 668.35
80 873.53
47 593.72
77 922.11
51 605.17
15 430.00
72 593.73
73 402.56
87 774.61
46 874.43
48 825.49
16 536.49
38 485.01
33 168.38
13 548.82
5 599.96
12 185.44
81 619.70
59 411.55
27 370.97
1 958.23
100 901.10
45 859.34
70 829.21
23 676.20
24 623.44
26 762.86
64 946.26
83 108.63
95 173.19
44 577.45
80 227.20
67 758.97
99 316.67
89 445.13
13 898.26
14 994.08
11 780.95
91 740.41
46 719.96
6 165.66
18 899.90
55 905.37
16 431.45
67 186.10
78 615.97
94 151.46
14 609.30
50 818.08
65 191.22
39 560.78
94 371.82
53 226.70
89 884.50
30 160.96
5 287.18
79 712.96
6 536.15
5 405.06
24 186.21
28 505.88
93 104.64
74 148.15
73 929.23
8 491.56
73 307.79
33 946.36
99 516.79
24 364.66
91 361.25
19 449.55
20 831.96
96 308.46
31 560.34
21 675.43
38 737.62
89 620.55
52 401.80
72 854.36
26 866.93
87 808.53
68 131.95
22 427.33
62 648.26
56 564.95
70 220.98
65 783.75
89 855.18
94 692.01
55 454.91
57 844.83
35 244.69
35 274.99
92 729.89
70 783.85
20 182.49
4 651.47
36 342.94
42 422.68
98 811.04
90 651.90
52 303.93
52 938.42
74 141.44
68 274.30
83 684.86
88 858.51
8 314.03
100 962.57
96 341.65
7 695.47
5 631.66
88 841.11
6 219.57
78 326.22
98 232.07
48 367.54
32 296.80
90 429.11
8 732.30
76 691.93
97 156.93
56 402.64
66 167.08
73 583.26
100 392.33
22 964.86
37 878.19
13 115.20
98 964.38
16 627.18
12 777.35
90 964.21
13 612.68
56 676.31
72 631.19
62 520.70
96 421.38
3 601.62
76 245.51
41 732.87
93 253.16
87 485.31
57 725.27
84 946.62
18 123.92
49 850.43
79 553.31
40 727.58
17 893.33
9 286.01
57 584.31
96 171.23
37 412.92
43 222.53
79 923.71
3 417.30
61 515.45
44 596.75
8 710.29
17 300.25
24 780.57
52 650.10
44 836.34
26 389.62
83 584.22
31 133.37
56 489.08
34 373.71
71 380.57
12 573.74
96 749.22
92 800.74
2 812.19
9 957.60
100 393.30
74 243.07
15 532.15
48 786.63
11 987.52
13 293.16
26 592.83
57 616.66
27 323.03
51 774.57
8 632.75
100 935.58
25 947.44
8 834.28
56 878.83
87 188.39
35 491.10
65 296.70
73 704.94
69 215.66
42 688.91
95 626.47
68 610.26
26 683.20
59 248.21
59 134.71
9 776.85
59 160.51
28 943.40
3 283.17
9 552.79
65 415.40
30 899.32
9 912.20
77 345.67
24 670.26
58 330.30
12 293.54
93 788.26
88 310.70
49 937.12
100 136.32
84 659.49
1 592.84
31 823.15
82 359.31
61 609.46
79 347.05
42 206.20
35 991.03
35 245.96
50 930.68
70 938.53
54 108.00
95 659.79
63 822.68
85 538.26
44 757.08
32 122.29
69 109.64
36 748.38
59 982.19
54 501.48
96 548.12
19 908.43
69 703.69
95 281.94
93 932.07
70 318.49
86 654.41
20 934.94
21 351.04
61 114.93
36 244.88
72 258.83
96 968.13
21 294.32
85 735.51
69 711.58
96 157.31
87 920.89
72 937.24
49 520.80
83 509.89
80 735.41
15 921.11
75 685.76
63 642.84
96 246.09
95 538.42
32 347.34
13 464.09
15 831.31
70 293.12
89 339.32
92 670.92
11 284.95
85 204.85
82 114.13
25 734.55
84 295.33
76 284.24
14 679.32
31 397.28
64 575.11
69 994.12
16 836.77
49 627.35
34 315.81
22 386.39
41 360.22
16 592.08
63 380.38
91 221.16
42 764.88
1 719.97
37 698.43
96 492.15
69 566.45
44 807.71
100 234.29
64 904.27
58 344.44
34 948.55
9 510.38
53 384.62
17 703.05
60 287.15
42 369.33
43 510.51
39 822.52
9 296.72
79 923.02
6 552.99
65 709.09
60 174.34
18 828.93
82 581.79
62 506.80
93 354.59
58 366.78
42 406.81
76 717.92
81 522.81
17 152.17
78 308.14
58 567.85
63 590.59
61 850.03
95 202.02
81 955.57
39 255.96
81 851.32
67 160.07
87 638.34
91 248.45
47 218.29
78 909.22
97 550.38
47 961.38
53 680.59
65 334.48
21 596.25
59 403.85
30 856.51
36 917.15
63 950.99
98 689.61
75 615.95
51 115.53
66 996.22
57 243.48
31 171.96
13 349.74
72 456.14
76 529.48
81 732.74
59 472.74
77 500.34
98 955.42
86 879.81
64 128.53
72 530.36
69 564.36
67 290.22
60 885.68
53 191.13
96 986.14
30 777.50
97 334.52
90 706.87
9 868.50
43 443.54
42 685.55
23 802.57
69 175.30
32 134.16
10 542.66
93 107.87
73 685.70
33 139.82
43 816.01
84 679.09
75 516.40
57 748.70
72 935.55
3 627.65
88 461.71
98 367.45
58 983.60
19 633.72
99 812.76
40 807.36
82 155.01
70 288.70
71 749.30
5 483.96
10 644.37
77 876.28
64 998.80
55 661.68
39 515.93
19 647.49
96 798.56
67 319.43
100 831.71
53 753.15
10 576.35
32 888.63
84 541.19
50 336.51
25 961.07
47 790.13
63 393.71
69 283.14
53 557.06
34 994.48
60 297.85
76 697.09
51 225.11
96 312.93
67 824.93
40 319.37
21 215.17
93 938.18
96 613.51
45 791.33
1 170.23
9 801.13
20 629.04
19 394.69
5 610.87
49 690.01
50 143.93
78 594.56
43 495.09
71 494.86
53 602.92
32 424.59
1 297.81
86 836.75
19 571.25
27 756.96
89 737.29
28 786.91
8 809.61
6 770.11
75 659.50
56 399.54
87 962.49
68 664.52
20 102.89
8 220.46
16 220.11
44 335.01
5 801.47
36 443.53
87 331.96
28 859.23
88 945.01
12 398.19
28 957.79
86 761.33
52 299.82
21 464.54
55 731.59
5 607.91
69 185.61
81 602.85
86 674.99
6 714.16
11 344.54
98 215.30
40 499.60
51 735.33
45 363.03
19 499.24
46 544.81
43 885.72
2 240.41
84 960.32
79 682.71
29 720.96
1 709.77
95 761.70
17 197.23
82 778.77
15 580.07
1 189.70
8 863.86
40 874.21
79 738.75
79 665.20
20 776.32
8 668.56
87 917.64
88 583.72
66 970.67
52 839.24
91 108.58
26 664.11
21 672.64
85 553.84
47 174.74
8 604.26
24 125.87
41 997.06
94 379.20
68 814.68
30 800.62
63 605.45
13 169.00
73 764.54
11 367.59
55 372.54
72 936.20
90 797.66
45 805.92
38 923.41
72 503.52
25 309.62
57 720.23
70 757.99
9 759.78
5 870.95
47 273.00
23 429.31
63 636.46
69 884.45
54 420.36
98 963.47
85 221.22
55 491.92
2 568.81
67 477.92
27 862.09
69 769.59
69 575.08
68 893.96
76 678.76
52 351.37
12 473.20
54 553.41
52 839.66
82 631.30
90 629.45
49 760.49
55 449.33
99 593.05
16 784.29
60 146.87
25 904.41
21 852.01
94 914.51
85 300.92
97 296.78
59 811.26
36 281.18
31 639.66
63 134.53
87 355.99
91 206.95
58 963.20
56 842.50
1 591.66
42 210.10
44 725.32
81 409.84
63 346.62
60 212.80
47 568.26
100 327.33
14 807.39
30 486.27
86 790.87
23 348.18
45 766.36
30 467.54
44 393.03
96 529.65
52 212.69
50 405.74
10 110.80
12 571.39
75 919.05
68 292.44
48 441.44
90 254.46
61 405.00
50 878.34
92 994.84
8 893.43
57 606.76
33 294.21
77 852.15
55 788.86
49 114.08
33 490.46
32 907.51
72 977.62
17 575.82
29 266.47
15 754.63
86 586.86
85 221.43
35 641.11
83 124.00
52 363.95
31 650.52
15 565.05
37 562.89
64 941.77
85 608.58
49 536.94
49 748.96
91 566.69
19 681.36
14 521.40
61 819.50
27 852.80
72 173.01
6 868.74
53 146.49
97 686.90
35 628.28
11 328.07
46 833.83
37 441.19
84 745.52
81 861.39
79 332.35
2 123.74
32 481.70
41 800.42
65 700.01
16 966.12
14 283.11
72 799.63
65 673.59
97 233.41
77 330.18
70 600.26
43 694.18
10 183.90
35 511.68
17 697.03
45 398.72
44 869.28
18 544.32
76 572.98
97 441.15
94 476.39
89 788.64
54 475.09
9 866.19
84 883.69
93 593.11
66 409.98
5 206.88
54 722.89
80 854.37
52 689.45
4 878.72
2 630.90
