8000 100000
42 789.09
29 814.48
8 566.16
76 389.26
28 187.68
75 731.57
45 119.31
51 125.00
85 106.45
53 451.42
37 768.64
43 106.77
75 997.57
65 664.93
20 727.27
89 790.89
27 350.75
100 742.01
13 154.49
78 116.52
40 490.52
7 481.48
7 334.11
85 324.93
70 673.75
76 950.98
71 996.24
17 451.12
28 401.23
20 979.40
49 512.86
39 612.89
7 870.57
64 428.43
90 746.29
78 606.79
44 461.31
93 468.51
67 732.22
98 560.68
72 421.43
17 352.17
95 116.03
14 178.41
2 542.14
98 409.56
35 298.75
60 839.57
92 187.86
56 525.08
90 993.69
44 730.02
59 493.85
93 956.90
99 616.40
89 158.72
8 679.97
82 361.37
84 551.31
8 566.80
34 947.54
57 811.45
34 378.57
88 100.95
22 943.34
8 911.11
90 960.00
86 107.13
4 553.64
54 455.67
75 444.73
63 134.93
47 640.65
23 854.55
30 579.68
10 344.32
57 246.18
51 860.88
7 107.39
39 846.56
80 831.57
77 602.73
42 775.90
4 524.82
10 689.17
16 860.52
81 517.42
73 550.37
36 259.85
43 201.91
54 524.54
19 344.43
37 103.81
10 622.57
18 317.41
18 332.91
16 625.30
94 822.50
23 653.65
2 156.53
50 348.59
16 327.68
57 635.21
61 346.54
43 678.22
32 774.06
43 831.89
51 996.17
70 687.09
59 199.40
28 277.28
31 397.29
52 471.42
55 485.37
86 504.34
100 116.73
58 929.70
16 171.20
85 103.59
85 701.21
26 585.70
19 761.59
66 988.31
71 283.22
4 282.12
42 372.39
37 156.08
97 256.86
53 499.88
55 981.61
56 244.12
11 519.61
44 731.70
87 222.24
54 668.05
66 952.62
69 482.58
93 695.91
6 255.65
1 651.21
86 849.14
42 237.36
84 274.21
29 800.05
12 104.85
92 118.14
18 630.35
87 130.70
46 164.02
78 127.65
54 973.72
12 760.36
38 300.09
12 285.10
68 475.97
64 390.58
5 906.19
54 316.59
100 490.30
72 351.52
49 672.31
81 629.93
88 453.36
81 414.94
50 749.15
4 870.74
67 114.80
79 468.77
93 561.18
51 814.93
84 373.65
99 795.83
57 609.02
95 456.42
35 570.97
76 104.26
16 820.17
72 198.07
46 923.51
72 634.81
57 873.43
19 871.53
93 969.79
78 793.50
56 319.88
47 221.11
21 905.04
86 267.42
3 414.27
56 971.20
11 516.78
1 789.38
82 513.59
41 170.23
73 661.49
29 919.47
48 660.41
18 598.42
34 914.49
84 147.24
92 362.93
11 663.19
18 997.71
47 359.07
69 837.45
1 785.68
27 281.65
30 284.40
59 385.84
12 511.26
48 851.79
87 117.15
2 250.68
5 407.04
27 345.53
88 696.07
83 489.41
76 415.49
44 252.24
70 682.72
31 270.27
30 646.28
57 456.32
52 886.11
60 894.64
72 943.60
70 260.38
56 414.80
93 690.60
74 265.74
17 366.00
57 199.51
54 479.70
76 582.92
41 633.76
70 291.21
79 701.08
96 545.36
49 747.03
83 711.32
9 599.83
32 940.14
42 872.18
93 952.52
35 842.47
26 466.88
25 389.02
81 846.33
39 385.80
7 288.08
36 969.22
18 337.74
17 156.01
39 805.20
6 590.73
85 999.09
6 632.38
39 994.28
46 856.21
40 426.19
86 377.08
56 562.88
54 276.09
62 155.90
11 740.07
42 255.00
95 777.04
51 885.95
56 677.64
64 280.21
48 325.83
84 468.77
32 811.89
74 304.79
52 164.91
78 311.95
94 222.68
95 100.86
28 506.37
41 196.67
36 326.10
92 834.73
57 625.30
18 421.32
75 394.68
90 749.60
23 252.35
58 838.81
75 146.95
44 535.11
75 742.81
15 140.56
82 547.43
59 671.18
62 727.84
21 531.53
57 156.27
45 140.03
41 747.84
22 770.59
19 181.86
27 558.25
14 446.04
11 244.77
82 908.23
79 616.11
97 275.98
46 526.64
49 936.44
74 145.85
3 203.50
19 654.24
40 400.30
20 564.26
18 645.83
49 821.56
99 491.87
37 609.23
99 285.21
67 256.12
29 175.78
1 540.27
27 424.58
25 651.06
62 165.19
77 829.81
8 705.94
75 203.66
76 134.69
28 232.74
61 649.07
42 598.07
26 673.91
48 882.58
72 357.52
30 624.10
15 201.84
44 175.64
70 595.46
80 340.83
25 237.25
96 805.25
96 195.44
84 253.30
48 446.26
98 928.07
74 781.04
62 820.70
7 401.66
90 652.33
55 778.39
90 180.95
6 682.18
73 278.17
55 997.08
27 895.47
49 312.06
100 268.57
96 222.87
97 465.62
67 140.91
48 168.21
93 740.56
99 401.38
55 304.75
57 646.50
96 198.00
37 675.28
14 626.90
95 905.26
24 591.17
100 280.63
79 958.21
73 344.13
98 705.79
82 852.29
4 458.42
43 560.12
97 413.45
37 295.53
70 861.49
19 844.83
71 148.36
25 793.83
23 246.83
96 414.86
43 970.93
99 770.83
79 337.99
70 688.00
87 228.31
7 590.02
69 874.64
37 977.80
27 456.54
22 541.18
16 522.81
21 459.00
93 223.77
95 584.86
63 372.50
2 321.09
87 827.29
77 336.65
16 599.91
16 182.22
44 733.30
14 471.90
94 860.42
44 542.57
56 643.22
13 957.76
24 896.39
73 286.85
19 896.80
18 644.22
24 728.18
59 711.59
48 584.97
44 224.83
30 340.63
29 959.11
4 420.61
62 417.57
47 476.40
44 219.11
70 527.33
27 643.54
80 123.19
65 372.57
70 801.28
5 514.56
43 114.69
64 920.64
70 977.22
72 361.95
80 755.94
8 641.04
100 766.68
56 628.45
95 113.93
40 976.44
4 521.89
37 293.93
89 301.58
88 883.41
90 668.62
32 680.12
52 581.37
52 829.19
87 514.52
51 392.51
30 243.25
34 406.02
3 606.36
6 332.84
33 747.15
29 226.45
85 174.47
61 219.62
22 557.56
24 700.83
42 584.68
73 656.21
83 515.29
48 703.10
22 240.51
27 825.99
61 648.05
68 581.27
50 943.43
59 227.52
27 374.28
69 402.86
72 242.27
29 622.36
31 905.98
86 254.29
89 967.65
59 102.03
80 541.64
47 635.06
13 798.53
9 489.16
24 174.39
65 770.30
97 795.70
22 808.20
24 103.29
14 994.23
42 764.63
78 846.45
72 947.57
70 260.42
40 909.66
61 165.74
37 301.67
20 644.53
40 980.40
4 467.62
48 705.82
77 541.55
95 841.01
16 684.27
8 580.68
61 973.74
35 900.31
85 755.80
99 776.93
26 865.19
59 157.99
45 593.40
5 459.97
29 277.46
51 865.40
28 121.38
15 837.12
5 159.93
37 666.79
98 130.75
70 685.94
93 922.78
52 344.84
77 907.56
82 680.84
95 669.91
11 623.87
38 660.58
47 998.46
20 976.52
36 147.32
90 935.95
25 116.20
2 194.31
14 743.44
37 860.05
4 461.64
6 285.64
24 262.22
51 787.48
23 127.34
35 266.88
16 384.81
70 782.52
59 683.95
4 681.28
77 167.05
40 746.62
74 766.08
56 314.91
15 596.23
7 276.29
46 280.21
72 577.26
92 432.91
51 673.70
53 398.60
30 957.11
58 284.84
61 398.36
32 352.34
76 425.12
96 991.59
4 314.42
61 993.14
5 726.43
78 874.65
80 644.23
71 525.36
94 563.38
17 962.31
13 569.38
42 810.95
60 289.84
81 181.68
25 818.21
11 221.22
20 559.17
27 772.18
7 793.19
58 845.86
99 598.45
42 523.83
19 283.36
44 795.30
12 534.01
93 718.62
76 844.71
52 602.22
69 761.93
81 700.78
25 953.09
3 837.24
77 704.52
65 783.45
25 536.28
19 952.08
49 267.66
11 456.24
92 708.40
64 386.18
48 806.69
83 694.63
5 494.11
23 381.69
59 309.40
95 528.31
49 149.05
63 693.64
42 948.77
30 794.97
87 633.39
1 786.86
80 299.62
34 890.91
93 397.35
27 171.48
37 910.94
15 602.09
76 290.08
56 514.29
92 592.51
52 762.84
24 670.71
1 733.64
42 885.04
38 508.92
11 312.47
31 577.03
88 446.85
8 396.02
57 683.17
8 105.14
72 343.80
55 144.50
37 450.79
85 193.99
78 423.79
79 622.81
28 604.32
22 134.74
84 565.51
53 936.85
7 363.80
36 597.16
94 379.48
25 882.80
78 103.71
54 777.81
10 719.00
24 148.09
59 158.07
81 101.12
77 166.96
10 363.20
66 918.47
37 715.75
77 849.39
94 417.11
12 209.01
98 986.19
87 794.86
38 765.35
66 111.94
69 502.00
78 719.04
61 520.82
55 790.41
99 607.49
28 764.76
84 477.76
85 869.44
1 363.81
13 919.95
93 307.48
12 932.32
89 650.59
44 512.27
74 764.96
31 759.70
89 515.75
66 370.21
95 112.24
86 576.17
38 106.49
77 914.48
25 696.69
65 686.96
19 911.35
99 180.35
98 402.95
96 615.12
24 249.24
60 951.24
47 913.66
20 574.04
2 469.77
10 162.65
59 994.95
12 666.20
68 460.02
99 723.59
14 362.56
30 495.61
88 581.76
69 548.47
32 551.48
23 759.75
38 517.07
62 256.72
43 145.10
91 214.09
31 652.50
36 519.18
69 300.80
97 657.03
15 714.79
45 683.29
54 816.46
46 503.74
99 189.33
68 159.81
91 887.27
37 893.43
18 572.71
69 180.40
19 131.94
89 242.95
53 667.70
84 418.43
38 433.08
73 346.51
72 214.19
75 864.74
40 993.00
100 439.16
70 210.12
10 786.14
87 545.90
37 925.89
12 434.17
49 787.39
88 438.98
44 365.70
5 831.98
55 829.38
40 275.73
5 883.15
95 254.40
27 317.02
37 682.49
42 514.18
15 197.97
67 363.79
99 407.61
91 256.33
71 912.08
37 910.77
40 298.45
73 661.42
74 557.43
24 415.56
99 450.89
57 193.37
89 258.28
32 767.90
94 898.62
74 672.26
43 386.66
54 460.11
68 611.19
64 129.14
81 436.71
66 622.54
97 992.14
61 279.25
14 852.46
78 378.52
26 299.31
1 206.82
41 734.98
47 906.21
1 454.32
71 724.36
60 605.33
78 153.13
19 127.47
21 301.32
79 572.10
63 145.70
83 251.31
21 526.47
97 579.33
41 942.73
55 818.28
5 953.13
66 865.70
83 508.85
2 209.28
66 450.39
58 547.06
4 797.98
14 947.57
10 701.22
1 915.58
23 574.56
17 798.83
8 609.99
8 283.37
33 212.99
29 106.92
7 376.40
29 777.96
48 353.27
72 711.85
21 467.45
15 331.97
52 962.18
30 620.19
34 520.38
33 882.94
6 864.42
91 760.79
52 372.99
35 936.85
6 203.58
83 555.15
10 269.69
6 621.61
30 114.14
7 499.91
62 317.61
63 572.06
71 254.51
88 738.16
15 151.92
80 622.99
13 797.92
4 424.54
63 808.33
11 950.68
85 154.47
64 979.65
84 261.65
16 704.49
18 977.75
28 165.89
60 148.73
30 520.43
5 391.82
21 828.19
69 888.13
44 270.13
31 449.61
98 863.97
2 412.94
29 266.42
27 429.19
71 244.18
93 664.78
63 921.59
35 918.17
80 554.77
50 887.61
99 682.24
60 489.43
86 370.27
63 883.69
53 229.97
88 812.52
84 976.88
89 494.00
20 548.43
45 694.42
69 103.14
28 448.58
13 746.93
31 744.16
49 867.93
8 156.60
6 248.22
62 894.60
43 223.90
38 825.61
63 670.51
52 669.38
44 169.35
15 316.66
70 184.57
7 710.05
99 255.01
72 536.35
69 451.63
57 944.57
31 220.70
100 943.39
66 614.59
2 358.68
8 382.53
49 973.47
29 959.21
75 643.14
52 323.12
46 874.12
2 582.94
19 332.80
41 229.63
43 906.53
42 137.87
54 359.27
69 308.51
61 775.26
52 960.84
12 785.78
88 916.24
67 379.17
1 466.93
27 760.55
44 633.04
58 842.33
39 319.27
46 817.17
73 849.82
96 563.03
76 710.01
15 114.03
66 338.62
82 580.89
87 761.30
9 446.50
42 613.22
30 463.94
90 284.60
6 234.19
85 917.15
50 847.64
9 570.80
90 321.79
21 803.66
9 234.12
70 488.98
60 586.50
41 725.74
2 464.92
97 607.53
79 791.64
65 584.91
68 833.36
30 309.09
24 767.44
14 702.29
15 413.39
34 954.38
95 127.34
84 740.99
14 536.66
13 103.56
93 798.80
31 155.95
56 629.02
22 298.40
35 491.32
67 553.86
56 145.35
7 885.12
99 489.24
99 448.26
52 787.45
87 282.60
58 464.34
14 538.39
97 211.38
34 206.65
75 952.00
57 840.79
49 206.14
72 265.40
2 245.66
41 736.16
84 647.15
60 223.09
74 454.64
15 494.92
11 817.64
30 692.50
14 951.17
49 777.41
51 838.89
77 823.87
78 827.61
51 696.65
44 703.85
48 199.85
18 182.38
82 695.67
66 182.61
25 370.22
21 154.56
52 996.07
65 147.36
81 601.73
74 388.68
12 270.15
63 503.10
91 803.79
24 312.15
21 835.58
61 685.41
30 355.49
6 653.43
90 678.45
28 567.75
99 315.83
18 278.95
44 338.05
43 243.93
38 239.18
81 198.22
70 106.26
56 664.25
27 780.96
54 775.19
24 688.05
24 634.53
65 719.87
7 440.33
3 116.79
46 911.62
69 285.23
86 418.06
70 795.77
100 308.47
39 952.23
93 613.84
41 977.13
41 106.06
75 311.04
96 933.63
33 722.00
53 518.99
33 857.63
12 529.40
72 615.95
62 165.77
57 769.69
21 585.28
2 569.30
84 882.44
31 640.77
44 550.71
90 551.63
69 465.17
7 660.25
72 515.07
24 203.32
72 497.49
93 162.68
76 864.22
79 453.70
85 458.87
31 989.36
54 608.85
67 609.56
17 258.19
34 672.13
86 546.63
98 694.77
9 801.44
31 933.14
12 335.42
38 798.96
16 273.73
19 855.31
96 644.37
26 446.90
4 360.16
10 418.02
36 113.90
95 760.00
60 515.66
76 460.38
25 976.40
92 299.51
17 544.56
92 138.19
32 281.36
36 885.10
90 931.01
31 805.09
67 971.44
30 851.58
16 137.89
11 925.01
78 281.57
4 714.26
74 132.29
30 546.26
1 474.64
40 308.00
63 704.99
76 191.89
94 768.51
22 230.19
68 623.00
98 529.51
51 962.95
26 139.05
72 348.12
79 516.15
6 186.61
18 743.62
93 994.58
14 116.41
73 276.40
83 627.66
71 818.42
54 676.32
57 807.62
67 159.47
9 756.56
81 320.29
50 173.59
98 685.46
51 624.81
40 961.17
63 445.72
90 967.28
43 565.01
22 911.03
94 919.73
81 612.74
46 403.86
99 557.70
44 494.86
18 118.14
87 675.86
35 684.74
49 564.91
15 361.96
6 760.20
56 899.19
5 285.93
55 532.62
88 888.37
10 711.58
39 662.13
8 270.93
45 112.15
38 484.70
42 704.94
60 906.35
26 478.59
7 258.50
49 596.18
50 525.73
23 741.73
75 148.62
78 809.69
49 219.56
11 444.92
11 685.69
1 679.72
92 603.50
69 213.07
18 248.72
58 932.00
70 226.15
38 730.37
43 513.66
4 899.32
44 246.38
94 936.10
22 641.63
45 448.89
2 825.39
42 789.40
65 392.74
59 185.92
22 535.78
85 492.41
81 792.53
78 553.65
95 966.29
16 179.62
79 685.96
4 894.57
13 674.99
46 854.31
24 537.99
48 271.71
90 671.64
88 233.07
2 684.63
19 468.04
65 484.38
76 853.89
45 440.00
80 250.59
49 594.53
95 716.20
90 320.23
12 452.15
61 943.84
9 505.09
31 767.25
58 922.91
4 332.55
72 322.32
74 468.81
94 830.23
84 882.44
94 536.96
56 301.06
81 250.77
16 792.40
11 179.39
36 472.78
56 359.12
13 710.18
80 194.33
52 766.84
71 360.45
83 938.82
70 377.14
10 844.39
21 709.43
10 375.15
71 201.44
58 411.83
11 586.49
29 499.54
35 218.63
26 597.98
54 993.47
84 219.72
55 938.96
5 390.26
68 258.78
35 321.83
46 102.97
67 830.83
74 682.12
12 539.64
40 250.10
64 368.29
8 502.82
73 903.86
78 160.36
6 861.49
50 792.09
29 781.35
94 251.64
45 286.62
72 733.00
26 722.30
75 950.80
83 878.50
59 786.14
69 344.51
32 602.71
66 551.83
31 288.68
81 146.61
5 309.72
83 365.26
40 487.36
86 855.04
91 336.95
66 234.02
2 387.47
3 384.56
6 189.07
79 158.12
22 653.90
36 497.55
35 171.76
38 138.44
53 361.58
69 453.37
5 413.05
89 205.18
36 214.55
1 801.15
82 818.49
90 867.48
9 803.97
29 274.71
89 904.47
65 389.75
89 698.05
36 847.52
43 670.74
10 924.73
86 879.38
41 397.27
78 450.36
28 350.21
79 359.62
43 372.20
88 457.59
36 876.98
72 599.78
19 349.91
84 753.07
47 360.25
65 512.78
30 462.33
57 122.01
96 834.50
68 679.94
82 804.16
99 824.81
88 367.35
55 446.38
39 429.62
58 932.12
94 191.16
32 897.02
89 297.00
71 444.58
21 400.60
15 164.10
70 656.33
21 106.21
5 792.91
2 563.42
68 663.81
86 784.89
49 157.68
99 229.83
38 735.26
8 265.62
2 481.88
6 840.07
24 387.42
68 796.95
76 906.56
37 890.19
79 256.38
50 794.59
2 551.66
18 115.71
43 838.50
5 713.85
6 816.41
18 767.04
46 606.34
64 337.55
13 419.74
3 877.39
89 120.45
92 715.96
22 960.88
38 466.66
77 697.59
40 896.37
25 395.75
99 692.18
29 814.11
82 998.72
79 182.05
84 368.67
29 643.64
96 898.76
57 872.18
25 339.15
28 774.64
12 308.44
46 973.62
82 235.55
2 857.45
46 762.76
35 552.21
42 464.76
60 115.95
39 817.75
44 888.43
50 395.69
30 391.15
39 563.86
24 440.72
56 968.17
82 259.50
82 244.11
28 831.27
15 106.53
35 700.39
12 527.57
18 939.05
92 128.09
40 675.10
31 968.58
16 872.47
84 891.59
99 186.12
79 836.64
64 941.18
20 408.66
41 103.48
3 406.05
3 461.54
96 896.56
15 676.00
95 164.92
96 384.29
100 515.24
91 694.72
17 822.51
97 853.79
33 865.45
18 814.61
54 141.57
74 596.48
54 755.29
87 122.83
25 302.02
60 778.97
50 813.24
21 454.85
73 289.01
18 889.37
72 584.23
18 367.89
96 389.80
89 381.47
34 822.01
30 459.08
75 912.60
5 478.68
77 620.47
76 488.69
64 898.19
10 428.03
66 355.54
26 796.18
13 133.53
86 653.59
51 589.80
63 215.31
67 108.85
8 194.47
15 372.96
6 341.35
60 440.82
53 118.05
85 475.89
94 301.20
40 356.52
28 608.08
93 539.29
74 128.29
4 158.28
20 691.30
67 724.11
7 147.11
95 703.16
36 763.99
82 837.31
53 111.32
51 979.37
80 755.82
28 490.16
16 467.53
96 136.51
21 757.50
66 606.62
57 287.76
62 222.32
81 268.87
91 483.41
15 515.29
31 937.25
40 364.65
84 605.62
42 329.68
66 106.84
75 595.92
38 636.01
48 495.41
87 127.37
58 761.70
59 430.04
41 980.78
100 516.14
95 727.33
95 699.75
6 319.44
59 764.97
29 800.85
18 574.92
64 909.00
74 100.41
99 682.94
11 878.85
60 455.94
90 440.21
73 356.65
23 503.66
56 972.34
99 555.59
86 342.77
41 871.81
83 343.59
71 392.71
96 927.38
1 807.99
84 176.28
63 868.39
16 641.73
81 984.28
25 209.97
55 439.24
85 897.57
59 530.20
11 906.48
41 857.94
51 691.62
35 508.19
56 407.64
56 616.10
14 553.25
77 584.60
65 228.63
83 276.93
82 487.02
42 353.88
34 294.55
76 171.54
2 765.00
72 796.21
78 916.89
15 520.00
99 171.26
17 224.42
99 727.55
48 454.52
48 180.38
19 162.92
22 800.84
34 795.74
55 942.13
49 565.36
99 303.32
17 745.26
54 866.51
41 446.28
95 122.95
41 999.61
27 512.05
54 127.29
75 687.67
64 974.02
32 979.59
38 234.88
15 753.87
63 548.71
26 581.77
80 828.47
86 627.45
28 570.86
44 977.68
91 615.18
29 724.48
20 143.10
36 578.37
3 188.50
84 773.13
79 931.49
60 202.91
62 280.52
44 560.99
72 683.20
3 518.28
2 347.64
41 361.05
42 439.09
80 827.59
60 884.30
14 477.67
19 559.91
25 765.44
16 138.15
26 209.39
81 366.64
61 839.83
17 648.98
52 965.16
95 103.39
33 642.55
15 961.51
90 786.71
42 785.22
93 613.57
32 133.73
29 506.78
33 721.85
43 352.54
62 717.09
59 431.09
48 743.24
61 588.80
55 604.50
67 140.44
36 332.87
71 106.69
70 669.31
2 448.36
74 896.52
85 909.58
57 344.02
87 795.84
90 938.02
70 781.54
88 190.41
79 981.18
90 982.60
75 990.93
74 120.38
17 805.94
95 403.67
67 566.86
80 841.70
92 316.47
87 713.14
1 642.72
47 490.10
74 593.65
89 997.55
92 779.08
64 910.15
64 158.53
52 901.43
67 695.93
73 708.04
96 296.92
60 218.62
39 293.65
67 785.46
20 696.10
53 716.73
38 103.80
26 213.26
25 425.25
77 561.16
93 375.20
27 235.23
14 852.79
11 909.47
74 679.44
15 230.99
10 387.22
75 663.37
11 595.66
90 738.57
19 851.02
49 240.57
52 521.57
58 100.95
41 450.81
39 199.17
73 152.32
19 760.65
31 364.45
59 569.82
49 876.52
22 399.42
47 425.12
64 395.68
9 280.14
7 327.39
48 809.43
63 814.09
51 364.68
92 435.16
82 202.94
12 936.64
28 458.13
43 158.33
30 143.48
73 896.80
87 591.67
97 280.66
44 566.13
32 102.88
95 220.37
30 176.90
39 235.13
34 759.99
13 377.07
78 895.86
22 689.16
81 736.09
85 121.83
61 563.76
46 343.30
4 179.75
26 968.61
44 728.22
54 560.92
39 132.65
67 759.13
52 342.17
23 785.11
48 513.45
7 558.78
51 628.76
95 348.17
80 958.74
29 760.04
12 353.24
71 382.66
82 692.51
87 117.56
33 448.72
97 737.97
8 921.70
28 772.79
19 914.94
20 788.52
53 508.81
58 934.81
35 477.74
37 212.10
17 619.32
76 170.52
41 343.96
52 697.84
41 752.20
17 797.90
73 144.64
83 876.01
96 615.39
38 302.15
75 470.24
35 436.36
92 656.61
84 138.16
94 590.14
51 226.08
39 560.17
21 520.21
23 933.12
33 121.60
30 675.00
57 188.52
11 107.88
18 868.13
95 614.89
74 421.45
35 773.64
51 680.33
99 996.96
28 242.06
16 986.92
40 566.67
50 938.24
73 734.47
88 762.51
75 328.14
42 485.14
20 961.92
95 921.25
96 753.90
67 688.64
49 502.84
15 277.21
10 563.42
75 633.71
73 354.58
100 254.71
5 551.37
85 988.94
41 464.41
92 105.12
17 596.55
95 171.75
11 976.63
98 870.11
14 774.22
61 861.46
4 549.76
85 329.72
20 679.31
32 586.27
78 933.22
72 782.23
37 963.35
47 897.34
28 111.73
49 274.27
13 150.33
36 761.38
47 390.60
45 543.86
57 371.10
20 192.86
72 748.14
71 732.53
56 468.98
27 746.37
54 494.61
37 422.86
52 359.63
13 510.02
90 845.41
98 904.34
57 560.50
13 458.19
94 408.78
92 678.20
24 405.61
20 310.84
66 990.74
76 145.49
21 151.74
8 819.85
97 343.72
1 670.10
67 903.08
43 154.40
79 231.72
79 962.50
12 773.78
40 910.55
31 369.29
41 277.56
45 489.32
43 889.39
77 469.44
68 944.53
44 905.56
39 349.99
9 579.87
35 307.48
50 320.00
94 359.28
63 251.27
6 438.50
84 995.86
74 686.67
15 848.02
99 435.17
90 113.02
63 131.59
57 542.82
87 251.49
27 500.51
87 420.26
17 941.41
91 108.83
32 272.16
80 354.28
63 876.92
82 860.54
35 392.40
24 263.77
65 448.26
5 614.89
83 629.54
86 270.82
42 322.42
69 802.25
8 475.51
31 151.16
94 704.10
95 142.58
38 484.41
28 528.57
14 648.80
28 711.24
16 250.55
38 939.13
38 757.95
51 500.10
43 628.76
22 946.50
1 127.04
87 631.76
48 941.01
33 241.85
24 853.88
4 748.79
4 774.22
23 986.82
13 432.80
65 612.01
31 545.65
57 906.71
69 900.75
11 133.27
97 467.77
42 694.99
48 782.17
44 125.68
49 376.60
64 533.42
90 402.87
94 883.08
65 409.08
98 109.94
12 431.58
86 211.13
68 608.93
43 116.58
99 261.51
27 593.80
25 507.57
82 624.29
35 417.61
56 263.76
84 565.56
54 674.79
66 276.68
57 714.28
71 762.86
41 804.25
5 336.43
60 538.70
86 904.93
10 614.00
67 521.62
8 214.25
3 534.79
47 411.25
74 426.25
64 346.76
4 596.36
77 401.16
28 801.67
94 953.70
38 466.97
15 953.23
32 878.37
41 544.33
20 238.05
92 331.76
23 805.27
29 387.46
6 133.62
79 132.23
89 565.06
32 121.73
52 216.74
11 980.14
34 954.76
26 549.61
49 572.45
29 432.55
32 844.46
68 730.76
55 847.43
100 248.82
42 530.85
15 563.72
51 943.57
15 350.92
27 689.45
92 914.80
75 258.75
97 306.85
19 219.88
98 231.57
1 788.35
64 835.27
1 451.85
59 713.07
99 600.16
18 445.98
63 526.86
40 248.36
91 745.33
50 758.37
64 263.26
59 869.89
98 551.82
57 699.64
70 959.04
70 978.76
22 179.72
33 532.60
70 240.39
68 929.89
51 126.08
5 163.25
41 915.90
88 364.98
84 214.84
28 273.62
61 449.85
17 372.15
82 593.55
78 872.87
3 547.99
10 202.92
79 917.01
63 442.13
62 293.41
36 445.16
99 681.47
38 632.97
36 468.03
34 701.05
19 616.57
50 776.61
63 338.20
89 297.27
65 117.11
59 587.07
21 774.61
97 828.82
82 490.44
44 944.85
3 212.33
37 944.26
62 939.55
2 729.71
56 421.95
81 824.21
17 989.94
71 479.32
68 789.48
38 525.18
14 225.16
100 307.11
97 785.44
35 108.16
25 143.51
96 967.43
54 888.30
29 985.25
59 527.87
42 888.07
31 704.18
12 277.48
60 845.41
49 520.00
81 359.15
38 262.09
57 430.67
5 653.11
97 975.39
83 404.82
3 874.73
56 533.70
51 156.04
70 916.83
85 326.40
69 128.07
85 742.84
39 962.71
26 354.12
23 140.99
21 778.26
57 576.17
38 240.54
2 914.84
92 665.44
39 739.48
97 391.63
53 734.61
87 639.42
91 677.34
4 386.92
94 529.04
27 169.21
24 544.23
77 523.27
56 992.09
43 697.24
98 494.22
26 810.49
47 642.26
25 806.83
20 442.95
89 686.69
12 998.77
73 195.81
3 740.60
19 408.04
88 811.07
2 218.34
40 619.53
25 521.69
23 568.29
50 373.16
70 849.94
29 489.54
40 228.77
98 984.89
85 999.92
14 320.14
33 252.05
15 338.95
97 643.63
33 831.44
35 162.94
2 531.07
92 214.77
64 194.14
94 750.85
58 337.79
46 683.93
84 368.76
86 268.75
29 640.08
83 724.25
80 350.48
37 913.78
13 836.62
57 971.21
64 199.00
42 948.93
18 676.58
50 323.67
10 917.42
14 822.92
9 597.28
2 358.90
92 136.94
65 710.33
55 502.46
65 437.98
45 117.90
87 990.71
73 530.50
36 879.02
53 992.24
83 852.60
10 940.61
24 442.90
54 822.64
23 935.23
18 484.99
63 876.02
71 664.48
74 265.83
41 521.90
42 763.20
48 882.40
90 455.39
86 870.54
83 741.40
22 534.16
19 529.14
69 685.79
67 596.55
46 459.13
23 385.10
14 624.68
27 596.53
74 552.60
66 134.71
27 250.81
56 692.83
65 416.16
18 732.64
73 336.17
93 223.65
54 865.36
93 646.00
93 464.27
73 821.88
41 450.71
99 457.61
24 352.72
86 739.64
97 949.64
38 117.72
52 948.14
74 520.34
86 151.47
100 564.46
56 966.14
72 805.45
73 287.10
81 710.04
65 127.14
79 695.41
92 223.37
69 951.92
90 959.15
98 909.50
68 479.87
56 603.75
84 996.91
17 404.18
74 908.37
61 327.59
28 590.74
74 868.26
40 334.56
85 191.45
32 724.52
26 857.87
57 234.38
5 987.67
40 439.30
10 692.74
34 914.38
19 838.94
79 704.18
70 358.94
81 444.13
8 475.62
59 379.46
62 900.69
48 546.19
84 813.49
77 713.05
85 714.06
15 818.55
19 344.78
20 377.92
16 236.37
32 871.96
51 330.81
40 974.28
51 861.99
21 803.05
29 410.30
66 337.86
37 398.66
95 290.81
20 429.46
27 446.40
88 647.95
70 793.40
12 861.79
48 944.16
44 818.62
56 775.50
55 573.17
27 932.11
47 262.66
20 989.30
47 466.28
96 852.19
7 456.86
10 564.40
95 947.96
31 205.36
12 136.15
30 486.00
88 507.94
69 170.88
75 122.47
59 183.10
48 825.66
64 744.58
87 475.47
8 976.13
67 301.40
25 934.36
72 939.49
89 532.65
64 128.87
68 138.59
53 343.42
56 649.37
9 623.23
40 873.97
44 833.24
34 374.92
91 577.89
66 850.96
96 324.15
100 582.41
21 280.69
12 651.93
55 953.04
69 944.92
7 389.14
70 139.67
86 104.86
38 639.99
37 259.67
77 382.87
20 509.47
62 643.49
85 519.98
75 520.03
60 259.52
95 384.91
51 773.79
54 526.78
63 582.28
93 220.86
86 134.39
88 990.54
59 216.44
56 393.46
85 770.18
76 272.90
40 700.02
64 735.90
45 353.66
61 508.42
56 951.37
22 167.98
17 584.16
93 346.75
36 145.20
10 359.16
99 908.12
85 350.55
59 137.80
63 226.45
72 768.99
30 993.29
45 225.45
54 155.69
1 195.75
11 677.46
40 684.53
59 910.79
66 943.22
27 427.77
66 802.30
71 584.05
93 889.71
51 778.27
55 939.24
50 268.24
61 557.75
40 672.74
45 267.47
63 298.63
42 904.29
17 967.74
21 422.06
28 508.59
49 422.33
69 329.28
45 563.92
51 615.12
88 820.17
73 234.88
22 998.92
32 758.16
11 155.51
35 532.60
70 683.39
39 751.58
96 839.84
44 987.65
29 582.71
15 760.75
85 614.48
16 550.59
46 520.72
37 338.88
70 624.81
23 910.45
53 366.90
91 523.71
47 364.31
45 501.93
25 921.94
29 944.76
72 326.99
75 692.82
79 979.17
99 669.84
41 518.38
2 421.49
72 393.79
5 158.11
31 284.79
69 684.74
93 426.47
22 206.62
40 644.61
61 498.45
56 833.43
55 382.78
84 735.50
32 566.07
34 606.69
89 302.67
10 818.01
74 650.07
87 997.51
47 605.68
84 228.75
35 932.96
71 492.18
1 783.95
49 813.99
5 158.37
58 593.78
73 515.26
6 695.73
14 537.48
93 743.36
6 975.91
4 893.72
53 108.25
76 120.19
63 659.93
2 688.60
96 498.88
8 783.79
95 730.43
17 594.29
47 794.56
96 378.89
87 646.70
94 253.92
24 396.84
57 849.74
45 941.34
20 504.45
41 785.49
62 207.98
75 193.94
68 438.44
17 541.87
31 353.63
78 910.19
3 167.97
84 824.10
87 106.61
24 634.29
33 218.90
12 410.20
77 720.17
18 583.77
78 125.62
66 957.82
73 911.83
56 356.31
11 637.39
52 535.53
98 600.26
41 445.37
98 695.27
21 484.28
100 492.92
90 461.87
1 202.83
82 759.74
37 165.73
32 588.16
58 901.58
52 723.52
13 317.32
71 616.97
22 871.52
97 859.14
2 787.17
63 906.39
32 270.00
89 517.79
83 969.37
95 165.45
62 489.87
34 309.44
100 232.21
56 769.05
80 687.79
29 749.94
25 302.23
59 212.48
15 113.87
23 260.69
19 884.02
29 845.75
31 256.21
81 171.33
9 572.13
95 205.34
20 175.83
99 647.78
2 840.83
1 282.69
50 237.51
74 978.48
58 685.45
44 591.23
15 847.29
21 916.28
49 310.41
61 341.56
91 519.95
36 851.84
15 115.86
88 864.32
80 132.90
78 794.31
49 711.28
73 125.47
32 877.06
41 257.65
34 599.26
57 799.13
98 351.17
86 450.67
10 773.34
27 777.76
99 299.67
12 672.66
36 267.47
17 530.94
96 661.80
11 100.04
51 501.55
96 615.64
48 854.81
99 467.16
68 463.67
35 137.73
28 749.00
45 586.60
39 127.97
5 617.73
11 375.14
73 411.71
79 453.19
76 331.80
43 679.37
26 750.60
55 108.05
74 787.21
81 802.42
13 197.51
22 345.14
7 467.76
71 144.55
4 153.98
42 404.91
99 382.57
52 896.93
50 901.25
64 869.49
23 475.70
64 672.11
5 333.58
45 255.59
72 632.22
87 756.09
89 129.45
91 803.38
30 607.30
43 968.62
26 288.51
66 468.23
90 859.08
8 539.24
89 106.28
48 172.72
38 189.24
2 776.51
30 482.24
63 313.18
51 564.80
13 461.58
2 481.47
67 124.30
37 896.12
7 437.76
54 478.50
70 186.88
11 102.27
69 687.07
66 411.10
15 222.08
63 496.54
28 685.80
15 879.11
67 146.40
55 773.01
68 265.09
1 869.39
62 287.26
95 977.55
73 988.30
40 871.04
91 151.67
99 343.11
59 756.98
61 458.72
100 714.30
15 833.04
55 856.94
74 615.48
19 894.15
73 221.52
60 677.83
8 966.55
9 191.57
59 313.32
48 647.65
85 607.18
32 633.89
39 227.57
76 946.08
49 945.15
59 526.18
15 215.67
45 585.02
53 800.64
63 287.39
61 505.47
37 981.43
19 845.91
86 565.73
67 509.34
79 935.02
37 892.30
1 478.55
98 237.11
52 132.38
41 299.12
65 360.93
20 823.72
33 907.39
3 559.28
40 522.54
43 471.95
25 442.67
64 661.32
15 376.34
72 827.71
57 316.06
30 728.86
54 741.54
49 810.96
79 101.16
90 833.40
39 502.42
93 265.07
98 317.60
34 805.15
84 559.29
51 430.76
26 513.60
18 181.10
25 199.87
33 451.79
60 827.88
25 261.50
40 161.37
11 114.02
28 579.42
98 835.39
81 922.14
53 985.40
65 708.94
14 998.47
45 116.65
47 122.89
26 325.84
49 456.79
79 269.90
46 317.65
89 583.08
6 971.84
79 215.89
98 858.73
64 946.22
38 953.46
79 315.49
50 714.66
75 242.67
23 716.74
49 861.98
40 875.57
1 958.22
91 315.27
62 477.93
74 824.51
95 948.29
87 877.99
15 941.04
6 579.85
98 852.06
47 905.48
54 804.23
33 599.93
46 536.76
39 206.44
70 314.22
33 771.46
79 189.64
55 697.09
63 867.76
49 827.70
25 437.40
84 609.48
99 155.02
26 650.90
76 824.87
6 132.49
32 650.30
38 678.75
9 363.99
17 396.87
9 365.53
96 484.87
43 178.69
90 260.35
33 711.40
58 293.59
92 875.61
19 830.77
35 283.63
70 418.69
87 727.33
23 648.86
77 470.01
52 462.60
24 690.34
59 550.23
36 503.07
55 849.95
88 559.93
85 140.89
17 370.86
60 960.72
9 196.77
80 813.94
93 346.89
99 565.57
95 942.96
81 465.36
19 115.57
33 505.30
84 576.84
6 627.82
99 953.93
46 979.14
61 312.48
99 882.53
72 107.16
73 436.10
75 705.71
66 857.39
10 132.62
16 156.70
17 595.88
39 913.66
52 955.25
35 518.38
40 455.98
23 511.07
99 553.11
20 728.78
15 996.80
52 392.30
23 891.97
20 689.33
75 193.19
52 879.38
66 253.30
93 708.44
17 937.27
10 476.21
51 853.80
60 832.44
14 679.94
25 195.67
11 693.19
79 298.58
55 585.27
93 388.85
65 895.81
93 548.24
69 480.89
93 851.64
27 950.31
51 694.61
17 574.01
19 707.71
31 766.13
20 647.95
80 135.73
94 639.78
59 543.50
58 746.29
50 281.18
55 790.41
36 424.02
69 462.09
43 654.83
15 522.67
17 476.45
48 793.53
58 490.42
30 162.73
70 878.91
9 393.05
75 869.65
13 704.94
100 764.88
61 381.41
56 372.97
1 141.27
47 449.84
16 750.12
21 780.34
81 355.44
83 161.76
74 457.38
85 113.15
9 363.29
15 274.26
45 675.23
10 686.14
80 654.45
91 764.04
92 332.51
98 253.78
77 678.49
15 387.22
49 624.26
44 794.55
35 683.08
59 416.40
78 731.56
77 163.13
63 871.50
89 590.03
26 293.96
6 453.63
7 685.35
6 718.48
9 731.38
85 761.68
14 866.98
36 456.15
65 644.82
19 883.75
29 656.67
39 301.52
68 677.35
37 410.46
68 350.54
72 297.61
22 244.10
40 534.15
14 359.95
86 460.86
52 933.11
20 551.87
25 487.84
18 709.03
29 939.14
78 601.79
63 929.23
99 544.16
69 181.96
84 358.89
76 610.59
75 833.13
91 185.90
36 891.09
99 623.88
40 722.09
92 148.59
85 510.97
71 296.93
25 824.61
71 807.56
15 625.44
93 754.96
86 907.30
63 884.40
84 812.17
67 216.74
89 927.53
71 671.89
99 931.03
20 577.51
24 965.17
25 631.19
89 972.40
29 568.61
42 115.78
44 349.04
18 248.25
16 448.36
18 514.37
19 128.11
29 697.42
98 181.28
88 982.43
80 764.61
75 806.97
40 857.39
74 392.25
64 294.98
89 495.93
80 216.84
95 423.07
45 826.08
75 394.96
84 310.35
46 384.03
76 371.61
17 923.26
47 602.41
33 421.18
24 944.91
78 620.91
32 797.63
80 343.13
84 993.14
42 659.25
45 280.58
23 653.41
91 483.05
34 126.62
8 479.08
14 362.27
26 221.07
62 989.09
81 941.34
7 338.13
19 669.80
43 118.84
92 756.98
26 865.19
2 937.99
73 208.66
97 673.90
75 358.38
90 197.28
73 611.27
69 143.16
96 472.52
66 821.18
80 318.17
90 219.59
82 211.19
31 357.56
31 236.59
30 875.34
2 387.75
42 275.29
16 344.18
54 693.49
28 707.77
4 600.50
80 890.10
52 686.38
15 427.20
37 362.05
7 954.71
3 437.62
11 457.56
27 862.34
19 887.10
63 637.28
29 424.85
16 687.26
52 608.53
24 834.33
79 300.70
86 952.76
62 295.38
74 423.15
100 891.77
50 732.18
7 676.44
3 354.75
41 306.16
94 121.86
92 941.53
99 900.40
69 706.19
94 983.20
79 792.78
92 708.35
57 706.22
67 794.04
88 722.56
59 285.20
82 259.73
74 266.65
89 425.31
37 231.30
21 185.39
54 474.45
54 738.61
96 178.95
4 650.03
23 272.31
6 878.16
6 483.44
48 786.59
42 310.39
48 104.25
8 173.36
97 593.26
90 917.17
37 826.17
77 976.31
20 440.52
49 304.69
12 902.01
3 761.33
27 492.51
35 675.54
50 656.86
18 646.49
54 532.98
96 876.71
64 198.91
51 669.71
88 498.07
27 689.01
44 923.43
41 433.82
95 323.01
30 499.54
39 611.29
6 392.78
56 508.30
72 606.86
23 562.81
1 250.28
73 330.82
71 272.43
28 674.32
43 948.19
4 860.94
24 390.25
2 749.20
56 355.95
93 296.16
84 516.32
27 112.70
69 873.07
40 897.66
44 905.60
79 981.43
60 575.81
76 378.61
46 374.31
40 206.94
10 735.38
20 279.31
51 876.40
30 296.28
64 183.08
26 995.42
73 190.53
64 948.22
80 847.60
9 938.86
58 994.06
29 229.91
49 145.16
8 711.36
27 781.65
15 323.67
2 104.98
76 828.38
20 248.35
33 733.55
68 489.86
95 333.48
65 339.36
24 669.89
100 856.96
28 715.59
71 284.52
44 440.10
23 988.20
89 364.41
69 714.24
21 308.18
72 275.12
17 124.63
98 226.47
48 302.32
99 177.34
19 488.41
63 225.35
32 389.79
81 927.67
65 367.43
55 246.40
12 470.12
29 732.57
41 251.45
79 976.09
76 224.95
34 907.36
74 391.24
57 299.83
30 784.22
57 338.23
92 149.11
81 663.00
72 754.97
97 337.09
55 444.08
54 493.95
55 539.38
12 226.14
34 403.58
81 312.80
9 444.82
78 878.70
5 755.39
70 213.89
92 741.98
15 336.71
73 225.16
100 573.18
87 182.15
10 588.16
95 460.28
62 214.42
60 993.51
85 379.87
40 330.56
90 595.33
92 995.96
81 738.68
14 267.14
93 470.48
64 321.99
91 749.62
91 661.07
54 245.11
16 284.93
5 836.87
52 729.24
33 781.73
44 544.22
67 910.69
72 125.47
36 317.15
29 565.64
85 776.24
94 683.23
18 458.00
53 856.84
1 617.09
95 573.28
99 942.70
47 466.17
89 128.31
86 585.35
52 172.93
28 452.06
47 858.33
79 980.39
4 479.73
88 513.83
39 817.50
48 848.79
32 899.19
3 473.53
95 208.86
7 970.77
71 626.61
96 250.12
43 721.58
5 313.76
32 975.35
40 355.47
71 872.63
53 556.01
34 337.33
22 769.48
80 740.45
98 788.29
86 633.61
78 115.92
83 749.88
9 915.58
48 240.07
34 577.10
11 981.46
25 491.07
30 204.40
13 795.53
48 723.38
52 791.22
44 218.11
3 202.17
23 469.36
12 218.25
58 840.17
93 560.07
45 883.38
67 237.29
14 909.92
92 608.96
65 847.78
39 804.73
76 959.50
14 984.06
88 297.68
3 451.05
39 506.38
26 243.41
72 776.67
78 467.33
34 868.08
45 167.05
94 227.17
29 443.13
12 977.16
38 485.96
9 239.43
74 517.52
1 128.70
100 887.04
83 460.04
63 169.70
14 280.38
74 105.43
19 287.37
62 375.10
97 125.15
23 838.86
77 727.70
2 844.65
70 188.87
26 856.67
83 407.62
67 769.30
69 156.56
14 712.15
62 903.12
32 973.04
78 811.88
87 539.12
52 501.77
68 240.27
59 689.97
96 176.88
3 849.14
49 840.93
69 581.81
54 434.29
49 642.28
98 203.31
11 655.98
43 163.90
21 758.19
39 984.14
87 956.86
15 842.66
60 373.36
94 969.42
13 610.09
82 581.02
59 488.52
45 916.58
56 607.33
78 574.15
30 992.32
53 889.44
99 643.54
93 326.22
45 454.77
92 769.85
98 648.76
98 638.62
60 332.53
40 103.38
67 179.85
23 862.18
43 522.49
54 439.22
13 538.06
74 869.95
100 654.95
61 278.04
4 332.12
37 639.72
95 359.32
65 496.99
81 126.21
21 806.39
1 506.20
67 161.97
49 294.51
29 768.88
68 622.98
42 419.10
92 677.64
24 540.25
19 640.53
67 232.24
56 619.57
33 449.76
53 603.38
51 752.20
7 951.39
1 692.53
67 503.25
2 118.63
44 323.53
25 675.61
73 360.07
20 262.38
4 384.36
60 431.44
82 877.58
68 772.89
34 827.29
32 709.37
34 660.73
82 982.03
77 256.95
54 673.66
3 145.99
91 387.45
77 573.02
27 383.51
52 145.72
55 858.35
27 371.34
43 703.70
9 227.96
47 519.07
3 584.89
35 901.34
88 407.36
65 240.43
65 420.72
88 111.57
60 640.37
68 694.67
94 879.88
20 503.50
99 424.66
85 819.96
13 941.89
21 103.05
13 928.70
12 799.96
77 635.43
87 363.20
26 253.88
3 177.75
75 370.90
77 567.68
69 103.93
15 856.14
60 993.48
74 265.26
24 835.45
82 270.09
89 500.26
52 300.52
82 525.87
32 180.17
42 820.57
82 379.27
3 779.77
86 564.13
88 140.19
8 418.80
73 993.06
88 722.95
82 529.11
99 396.19
46 133.95
52 313.79
52 326.11
77 846.29
54 764.07
60 111.31
59 301.11
34 768.96
46 119.46
72 194.90
92 555.75
58 310.14
74 712.98
7 366.15
39 727.99
54 648.65
49 669.89
57 816.87
44 914.25
34 641.84
81 910.63
87 518.23
56 170.40
22 669.64
72 387.59
58 117.40
67 742.22
46 341.23
14 837.15
26 459.74
66 699.99
1 615.86
96 462.54
100 415.48
36 520.15
38 193.03
81 421.67
5 563.71
8 787.78
23 385.72
100 847.60
26 532.16
95 905.36
31 914.93
93 794.03
49 981.17
61 823.67
73 861.45
26 392.82
67 462.27
78 284.38
25 147.67
83 881.12
82 310.48
99 179.27
33 593.59
60 205.55
58 461.25
58 113.63
32 163.33
40 533.45
98 641.82
66 991.73
30 787.11
62 960.28
92 851.69
98 309.12
11 800.98
42 672.21
80 633.39
46 840.63
47 173.81
79 505.35
96 344.26
26 786.52
55 322.38
72 545.76
91 753.05
63 862.33
79 731.65
39 475.89
38 973.72
66 647.58
43 591.34
94 107.59
14 758.65
80 712.09
95 217.87
64 783.44
23 339.78
60 745.74
34 517.89
20 635.76
53 433.76
56 993.87
41 663.89
65 774.70
56 469.05
55 441.58
88 948.97
99 175.06
58 734.29
9 830.18
25 906.25
74 773.55
48 666.94
41 673.09
54 276.15
51 438.70
86 840.27
28 358.98
64 138.68
9 637.38
36 713.61
78 958.19
42 894.94
26 553.21
82 671.81
46 511.90
50 154.23
5 548.94
56 490.94
6 234.74
19 904.17
100 328.64
5 946.94
77 683.80
100 373.93
9 662.52
79 930.49
30 259.03
10 648.49
20 681.16
35 964.07
9 109.35
95 907.38
22 515.05
14 657.15
45 183.50
96 395.87
57 431.38
18 331.95
63 178.70
60 996.32
75 784.50
57 940.54
85 941.21
46 941.35
86 143.17
46 729.97
23 486.42
38 479.00
63 833.43
26 481.79
85 694.59
16 540.69
37 539.62
36 411.05
34 625.72
37 725.24
84 592.15
55 537.35
36 721.38
85 845.40
17 808.60
28 420.11
78 724.74
99 113.21
19 191.42
47 155.55
48 964.11
95 424.39
9 567.46
56 663.56
88 411.32
34 856.24
34 961.40
2 614.52
3 576.37
87 984.49
57 715.26
65 437.04
82 909.57
95 312.48
21 164.86
27 819.48
62 503.00
88 151.70
37 396.20
95 729.45
85 537.89
6 402.62
48 688.78
44 211.54
27 881.51
91 490.50
60 921.01
99 771.65
82 727.84
88 394.76
19 100.88
79 959.41
5 109.63
62 299.88
29 533.02
8 216.84
67 677.86
17 156.86
72 875.96
63 270.76
24 917.55
10 787.10
30 614.35
51 813.99
68 339.01
87 734.05
99 605.44
11 392.56
100 420.24
21 827.04
99 265.34
14 663.07
28 229.78
26 462.89
94 709.44
43 367.23
19 398.32
89 892.35
84 524.63
37 575.99
43 655.25
91 140.72
88 526.60
79 252.02
20 815.26
63 366.86
22 320.70
11 130.51
31 723.83
62 906.80
41 410.03
91 448.80
78 824.66
12 429.26
43 309.24
62 240.22
73 347.42
47 373.78
61 451.97
4 268.03
4 970.61
15 699.79
18 587.88
77 794.32
32 259.12
97 399.26
17 830.25
28 163.77
95 651.76
16 794.87
29 621.92
13 829.66
94 652.22
83 868.87
86 523.34
60 503.57
64 197.04
95 690.56
55 492.83
56 364.91
23 899.60
89 203.23
27 573.39
9 470.96
99 306.34
37 852.98
8 886.76
55 480.63
28 566.20
69 459.58
66 304.16
73 862.97
62 798.83
97 782.11
4 397.71
35 992.33
35 569.20
24 171.46
6 779.22
69 538.07
29 615.77
38 915.59
16 585.82
30 932.95
3 199.96
38 711.24
46 951.08
32 918.20
14 117.51
67 599.80
21 709.46
61 865.31
44 373.60
76 498.07
86 681.94
2 196.10
27 499.25
50 660.50
44 334.67
48 931.75
84 919.57
44 115.53
18 168.88
27 412.29
51 527.68
34 975.70
76 716.61
23 221.59
31 564.51
86 734.70
44 416.60
33 427.09
11 543.42
50 492.50
54 445.78
7 476.22
71 602.64
40 920.27
37 652.20
88 473.55
41 135.11
70 404.04
33 948.59
22 468.36
38 131.56
95 215.80
39 517.49
17 776.38
78 930.29
97 438.23
83 990.38
58 866.38
50 998.62
16 394.30
13 373.08
82 618.34
48 312.93
85 547.56
30 588.59
6 149.14
49 981.62
78 265.92
6 392.72
2 134.79
89 644.80
56 534.06
83 168.91
6 180.37
14 162.42
67 278.33
88 166.11
79 620.28
13 568.27
23 591.73
28 422.29
72 601.01
89 344.61
67 660.84
51 721.48
100 754.60
27 933.10
56 940.24
33 758.83
9 517.51
68 225.13
7 976.33
41 370.00
77 817.65
71 318.84
6 149.61
89 371.65
14 500.95
100 927.62
49 928.31
52 414.05
35 485.99
97 579.75
32 960.05
54 348.39
12 389.06
52 272.10
21 671.40
18 710.51
100 208.86
42 707.72
12 415.21
37 623.01
71 167.53
59 629.81
45 752.79
67 925.99
53 177.93
89 152.96
82 515.32
47 504.52
45 541.94
6 468.84
96 789.89
72 494.63
9 320.66
23 895.44
26 654.77
31 141.88
92 974.98
17 556.52
22 802.69
66 214.22
58 254.82
73 144.76
74 601.23
97 276.55
57 866.84
24 987.53
97 922.34
37 252.71
84 512.20
48 735.49
31 569.57
64 505.48
49 494.51
94 795.24
54 629.54
5 117.32
68 528.79
44 807.85
68 674.63
73 809.25
19 458.91
80 564.00
25 747.83
43 810.55
87 228.39
9 229.09
50 228.90
17 700.19
82 228.36
21 136.93
56 821.80
97 768.89
21 639.78
24 180.40
98 778.68
21 349.90
40 973.16
87 628.51
66 722.75
79 734.89
81 906.36
73 440.06
90 177.89
7 468.45
47 828.95
63 739.80
65 701.49
41 994.15
77 983.27
67 369.62
45 818.69
26 453.46
77 518.47
80 451.86
99 836.14
10 496.42
27 880.04
83 171.78
19 926.52
68 532.15
73 885.99
88 855.49
14 466.77
4 130.49
70 874.92
78 110.77
38 831.09
18 359.45
50 759.57
68 580.76
7 787.93
77 976.05
67 767.77
32 933.33
5 515.77
57 674.59
80 277.87
50 315.84
53 673.56
92 537.04
60 621.88
95 980.48
19 257.69
20 204.73
76 906.84
34 463.57
20 897.36
13 324.87
93 194.31
38 549.12
58 479.99
86 572.05
95 564.70
20 720.52
20 228.11
46 406.23
80 729.99
43 932.02
14 694.12
9 168.42
63 768.05
3 928.53
5 267.96
14 502.25
31 344.21
73 693.12
68 355.42
74 891.17
94 785.06
39 431.85
67 313.16
42 219.77
47 253.49
34 118.89
59 913.99
90 592.33
41 326.67
37 300.60
25 911.67
83 692.47
37 493.81
67 626.58
38 735.52
54 962.25
51 228.44
61 680.83
77 702.55
10 281.48
25 232.51
84 209.00
40 747.49
65 864.51
52 706.04
51 115.97
25 782.83
67 436.99
79 371.61
38 637.46
50 261.92
27 670.32
1 185.33
27 251.47
76 494.36
34 962.31
50 431.28
52 477.22
85 366.72
36 226.51
58 726.95
16 649.17
95 247.43
92 495.77
14 637.56
63 288.60
48 411.64
36 540.46
40 516.65
1 668.59
61 923.08
80 939.67
82 514.22
17 721.62
100 708.22
4 215.78
95 409.66
89 674.76
39 884.08
3 904.70
98 262.95
16 842.90
92 226.24
23 632.80
87 484.66
39 993.55
95 410.46
26 279.71
42 246.78
89 224.69
16 870.56
75 536.19
1 716.09
8 257.46
3 347.58
33 354.27
24 249.86
45 469.22
46 397.32
76 915.72
69 249.05
3 719.05
23 841.24
77 949.81
6 630.46
9 753.91
16 506.92
4 981.60
22 256.75
10 560.14
72 921.72
88 948.53
58 928.94
14 588.59
96 189.44
4 626.44
75 521.72
47 893.97
39 605.32
53 883.87
72 638.97
94 979.49
100 506.85
95 653.09
6 889.23
39 844.71
88 990.50
51 752.91
71 152.75
92 788.38
80 207.58
68 862.07
98 445.28
19 534.81
77 140.82
85 701.72
44 525.23
93 895.42
32 711.08
87 900.78
19 961.03
11 369.04
8 366.44
11 367.02
38 928.11
1 168.90
7 579.48
54 791.84
67 136.22
66 756.60
83 665.22
94 144.16
53 182.59
30 207.64
53 553.56
32 790.46
31 196.03
38 829.70
43 752.54
43 460.03
92 991.20
5 161.55
86 856.52
82 485.52
60 190.55
2 155.23
73 686.43
8 797.72
100 420.29
97 589.14
34 931.56
72 587.69
15 538.20
23 399.01
86 159.12
65 649.36
43 148.56
100 863.24
30 833.21
94 354.98
71 265.52
97 719.78
4 138.17
79 722.76
39 390.11
40 703.66
64 675.12
88 668.28
98 788.37
67 579.52
90 187.49
57 771.27
33 383.88
77 551.31
50 400.58
32 532.71
58 937.94
92 418.78
48 738.56
34 126.34
56 481.69
92 407.33
10 372.65
87 235.95
71 524.84
65 815.18
87 120.00
99 876.80
15 895.11
81 399.24
68 867.57
11 537.60
80 889.02
64 248.59
94 529.26
35 567.77
44 306.36
87 762.47
73 741.19
76 532.36
73 889.26
93 688.31
25 159.33
7 407.12
32 520.94
41 511.29
31 102.62
20 469.87
51 574.80
8 820.96
26 423.41
3 728.41
5 650.84
69 360.90
76 762.42
83 851.19
84 636.12
42 512.86
86 161.28
22 905.13
98 981.34
67 647.78
78 609.89
35 623.47
65 990.01
46 103.74
71 979.95
92 703.25
90 586.87
90 233.86
90 290.05
12 130.32
14 289.23
51 809.45
11 126.05
63 329.64
95 670.72
3 179.31
7 809.85
98 764.00
73 560.26
24 987.81
49 545.41
69 634.39
43 402.88
89 766.05
9 637.03
84 118.22
98 244.43
62 886.91
12 919.44
50 939.63
96 414.21
2 894.62
29 116.05
35 369.42
71 418.62
84 385.38
18 209.93
97 201.76
68 301.81
22 133.71
31 275.10
18 167.28
57 923.77
85 611.64
82 582.71
97 381.00
25 819.48
59 526.90
54 784.22
9 774.96
91 983.23
40 336.74
21 285.05
66 918.63
95 385.89
98 200.22
40 227.34
76 853.54
50 144.77
81 736.34
41 403.80
56 899.92
32 313.02
26 190.27
23 618.75
69 938.58
2 989.33
70 984.42
87 539.17
71 817.25
61 649.53
85 249.29
79 132.86
63 320.22
41 405.04
20 597.06
12 708.02
49 845.74
41 133.86
64 733.10
60 817.64
31 591.30
25 528.78
30 628.51
22 214.56
81 435.11
55 501.40
64 686.99
4 985.28
97 293.05
55 274.24
24 721.55
3 979.03
34 287.30
38 599.50
17 586.46
63 435.62
93 355.21
61 412.47
36 921.47
54 807.80
68 706.17
73 223.74
23 632.44
78 619.75
15 331.14
2 776.67
52 439.67
85 326.14
68 945.56
46 193.65
45 944.56
90 799.96
34 698.72
35 662.87
77 945.79
11 853.47
55 745.61
77 624.25
84 350.23
86 224.12
22 242.08
100 623.60
52 410.94
26 688.66
90 234.27
87 171.23
60 438.07
18 437.40
5 328.40
85 727.69
44 213.61
70 259.33
84 498.45
64 760.21
76 927.72
13 292.88
52 265.25
58 467.37
56 825.32
52 857.60
64 153.72
98 871.39
52 734.03
17 463.43
29 136.79
62 880.20
8 695.82
9 559.50
44 424.73
40 508.22
85 321.29
96 832.47
38 706.92
29 265.79
74 613.92
32 973.82
31 939.09
85 432.19
66 952.87
4 951.04
8 537.25
84 737.67
11 783.42
23 604.69
95 832.55
89 608.55
5 887.91
49 505.64
7 973.75
51 677.20
19 946.85
58 685.66
54 214.68
91 247.29
75 184.92
13 237.82
36 440.88
87 219.79
15 371.53
59 389.38
14 305.91
79 353.89
21 388.83
46 641.87
51 626.41
85 486.87
78 970.89
55 586.79
58 155.79
82 579.74
1 433.86
79 409.21
75 397.90
64 332.43
28 788.41
40 218.86
65 601.64
86 642.61
93 848.62
1 826.51
91 652.92
30 713.99
22 299.57
43 152.22
89 974.26
84 672.85
51 462.27
87 351.43
52 598.71
42 745.50
19 104.85
43 581.23
31 636.52
72 925.39
16 742.47
95 649.71
57 504.13
58 980.30
43 329.77
55 550.98
41 253.24
77 199.77
85 976.05
46 937.38
32 312.92
62 213.63
99 315.08
75 564.57
34 215.12
85 408.41
92 730.63
54 258.99
49 791.48
74 696.00
75 947.07
95 962.82
34 643.30
43 705.17
95 841.83
29 936.90
45 471.00
44 324.86
17 352.23
18 861.76
11 779.38
1 933.12
32 310.51
84 907.38
20 184.85
63 730.03
58 921.67
68 657.08
91 472.97
29 740.64
67 180.15
12 364.85
7 855.15
66 222.97
32 708.05
2 632.46
8 738.59
17 791.26
51 639.05
87 119.78
78 934.99
92 463.86
21 784.46
90 198.55
95 759.07
44 757.18
76 455.36
39 276.20
22 500.58
9 468.87
5 740.73
16 421.69
18 337.31
74 403.59
4 254.83
33 583.01
21 737.39
46 527.54
70 484.65
37 888.51
58 750.49
8 738.06
72 368.75
27 632.27
19 226.82
14 444.46
52 745.32
18 657.08
15 790.76
1 737.21
59 182.84
53 360.05
94 793.36
60 609.57
62 147.05
42 251.97
52 149.37
64 943.77
59 551.93
33 742.54
19 325.17
62 951.99
72 933.77
46 958.29
5 898.74
74 380.10
66 752.99
18 930.35
17 610.49
62 806.66
28 800.22
69 604.41
27 168.69
16 198.98
37 105.04
53 166.23
92 346.90
46 988.84
12 666.22
96 347.33
98 548.29
69 488.61
59 685.10
61 836.93
84 485.20
94 832.52
89 770.50
82 755.94
22 822.39
29 833.17
93 857.46
14 205.65
73 345.45
19 687.64
29 245.80
99 770.99
2 126.85
99 350.83
31 611.38
62 433.15
94 440.66
81 954.27
39 821.37
28 913.62
61 116.03
95 668.42
30 421.47
32 328.55
36 866.29
69 630.63
79 219.07
29 890.43
24 296.46
69 386.75
65 350.55
57 419.99
2 823.30
34 994.63
5 681.68
11 334.67
90 923.31
7 304.91
9 375.89
28 563.35
26 471.14
53 337.87
25 355.99
27 106.48
95 539.55
59 721.68
34 457.89
40 876.50
29 452.07
25 746.32
18 200.08
18 905.99
21 532.94
80 178.18
95 943.67
93 721.65
3 793.65
38 106.69
55 464.36
20 773.20
97 676.35
58 165.01
80 328.55
95 690.70
36 663.64
32 322.15
35 583.59
73 693.97
30 333.10
13 580.53
89 515.65
87 891.91
13 280.44
54 649.76
43 665.65
89 745.58
13 383.20
26 207.09
44 804.31
83 463.65
54 200.03
42 531.59
22 201.92
35 530.96
68 210.69
3 814.76
16 358.52
98 583.09
5 334.15
97 823.01
11 153.53
87 124.79
93 480.80
86 526.87
52 505.54
70 705.84
35 653.80
84 156.53
10 767.25
9 711.42
8 746.34
56 149.71
78 574.49
41 713.90
3 328.43
6 102.44
100 371.74
75 226.02
35 360.31
81 976.88
41 263.08
49 709.26
95 101.47
89 696.80
70 561.82
80 222.20
86 475.35
47 484.48
87 617.82
35 156.61
100 554.43
20 665.14
57 637.63
32 998.29
5 749.04
1 775.58
70 274.32
31 525.20
79 690.08
60 475.35
81 746.61
63 179.77
41 173.89
34 990.35
22 458.54
100 843.91
21 903.79
3 648.08
88 443.89
25 512.37
23 233.54
86 402.85
98 131.21
10 636.89
24 441.34
79 400.65
18 781.63
19 104.25
12 247.48
39 210.78
62 645.21
43 647.75
59 223.64
95 200.66
6 685.48
84 890.91
40 295.92
16 281.49
9 640.80
89 778.74
30 506.41
64 824.93
85 157.48
91 582.04
57 999.50
76 751.79
71 337.60
59 371.02
93 806.03
43 316.07
98 548.72
45 415.10
65 150.66
81 879.62
57 606.24
90 906.10
22 753.39
86 167.46
71 798.02
41 668.01
76 642.95
71 961.14
87 395.76
25 160.92
77 639.57
49 742.83
38 533.26
17 560.58
34 933.99
23 345.95
96 129.51
89 237.72
56 571.09
32 202.95
1 202.76
70 981.66
72 503.12
41 644.26
67 357.07
87 640.69
32 829.73
74 836.92
79 346.42
92 421.03
45 459.85
94 880.48
73 672.71
69 215.10
57 585.71
54 582.80
81 895.21
43 780.05
46 694.56
27 708.97
43 524.33
55 555.70
7 162.79
26 682.92
90 186.38
55 144.85
28 539.44
39 658.06
39 439.72
30 992.64
80 873.22
31 804.66
93 442.75
84 460.82
81 194.96
74 980.05
79 365.29
73 659.75
7 525.14
19 123.89
21 513.47
71 311.25
28 806.88
56 529.96
36 135.60
62 645.93
77 698.10
26 188.82
93 680.87
56 952.41
89 121.04
78 170.33
39 246.24
42 315.00
97 606.65
15 708.03
4 794.61
100 639.08
78 868.37
1 713.69
23 567.54
75 292.89
62 909.15
87 328.14
31 626.42
23 751.17
27 439.19
42 409.39
39 612.10
47 712.91
86 610.78
24 646.74
4 209.98
55 663.51
81 398.22
8 133.45
82 474.27
82 982.39
1 701.43
14 539.90
50 765.71
28 721.89
63 392.00
88 549.14
25 327.72
39 998.97
80 134.37
45 221.32
4 107.33
13 218.97
17 406.46
72 318.30
1 622.49
47 382.80
3 869.63
82 399.50
25 542.16
66 212.56
79 113.10
70 851.37
84 233.78
29 298.45
72 507.07
76 992.66
22 845.62
38 279.08
87 846.85
28 805.05
27 845.17
96 490.56
22 505.58
44 910.05
65 647.51
13 635.53
25 853.78
81 120.42
75 361.33
91 300.55
73 906.82
30 235.45
48 178.40
66 927.26
36 647.23
72 654.72
13 694.02
37 930.80
18 679.86
58 342.47
6 214.49
66 745.32
50 720.92
64 152.60
64 566.18
26 141.88
23 655.47
48 390.29
39 204.02
16 462.87
19 663.89
96 125.48
44 484.33
62 705.57
83 847.10
12 215.45
15 207.42
60 655.30
91 931.91
36 915.97
19 596.54
28 802.75
15 310.65
7 776.05
54 574.73
44 308.94
55 520.74
93 735.42
87 856.95
3 686.25
59 553.09
81 396.82
84 227.46
55 421.91
1 661.98
71 635.69
45 419.99
62 578.09
75 465.26
29 678.04
30 168.56
2 789.68
56 906.80
9 822.37
13 313.41
97 525.24
46 676.17
76 766.25
31 736.21
21 595.76
77 494.35
44 261.29
68 981.75
73 839.64
44 864.58
7 756.03
49 573.02
3 755.98
71 491.03
39 961.11
50 289.00
68 533.99
51 873.00
77 199.05
35 149.18
62 762.67
98 730.24
2 652.41
98 390.15
38 474.65
62 455.32
56 593.76
15 871.94
78 555.19
53 730.84
2 716.70
14 972.94
12 376.01
47 551.27
99 764.93
63 237.29
31 817.83
76 191.89
22 691.26
65 827.03
78 108.32
14 730.83
65 449.27
92 899.71
24 676.85
92 211.73
83 926.04
61 192.38
17 138.27
57 417.37
16 981.13
56 347.30
81 376.26
100 381.66
90 935.88
33 874.41
34 570.73
41 124.32
35 558.29
12 540.20
62 976.71
2 186.36
19 193.53
68 826.42
24 574.28
59 296.56
3 362.19
92 109.18
66 627.30
49 209.32
84 724.63
32 921.38
100 262.11
88 839.70
38 801.78
45 102.56
55 812.97
98 482.53
93 972.90
16 810.23
72 334.61
73 306.71
16 948.67
40 630.49
72 350.42
26 393.73
78 476.12
33 103.92
69 362.68
96 518.23
39 503.99
8 535.93
86 335.86
4 879.09
27 591.09
68 693.39
15 486.73
71 400.34
57 860.49
61 501.26
32 472.45
7 398.42
60 909.03
43 250.56
34 261.24
56 975.91
2 588.63
13 685.30
94 989.68
87 716.11
11 636.66
68 472.64
46 184.23
93 149.06
63 946.51
60 744.99
2 944.40
47 802.76
2 601.16
73 917.80
98 321.19
36 928.45
48 567.15
89 385.53
19 385.22
43 721.68
70 360.35
62 141.56
42 320.62
66 186.45
29 206.03
34 574.22
35 237.39
90 910.46
36 956.84
43 679.82
15 735.04
8 521.01
23 716.06
43 421.19
34 467.86
28 605.12
34 476.56
94 357.66
57 241.56
95 604.97
4 454.01
82 153.33
56 418.50
26 451.85
47 539.44
41 307.47
14 432.12
95 832.27
48 643.62
82 780.92
81 970.34
50 847.94
19 582.78
44 715.26
69 531.61
45 845.04
34 110.27
9 823.11
20 709.09
78 159.28
87 991.19
74 118.88
28 315.98
44 154.61
68 514.95
66 641.43
12 591.03
12 139.58
5 768.56
3 956.14
48 887.09
32 667.34
34 877.03
27 533.28
36 540.06
22 639.52
8 350.32
44 569.90
29 562.21
59 103.06
52 720.27
30 513.93
37 682.40
35 685.35
66 601.67
94 882.74
85 351.17
59 527.43
54 668.32
25 561.70
18 769.05
84 628.81
6 489.76
95 962.90
78 254.97
51 741.04
62 677.33
68 238.11
47 645.80
71 207.65
64 637.08
4 593.21
1 596.14
31 746.00
74 757.87
92 716.11
48 855.74
25 119.27
63 631.46
18 431.74
35 901.93
83 215.87
88 627.80
85 740.20
23 969.29
59 902.27
53 623.04
48 186.80
94 823.07
41 645.21
40 851.58
37 769.94
98 491.06
9 684.48
53 936.05
55 231.84
97 728.19
11 673.93
73 199.30
62 125.46
76 415.58
100 913.50
28 460.32
52 646.87
87 140.85
98 882.73
68 126.39
40 953.12
17 260.35
62 338.44
93 295.24
6 906.10
88 743.99
99 561.95
66 160.44
7 224.49
34 174.45
34 275.24
49 794.62
87 622.36
95 156.90
47 856.55
52 671.45
53 347.10
13 321.09
68 962.51
88 324.52
22 992.71
48 629.04
74 170.08
29 416.63
82 614.35
72 155.17
62 558.58
74 487.35
25 696.50
50 253.80
100 195.39
44 968.62
90 259.88
51 311.82
15 855.58
95 832.91
32 234.12
78 962.50
5 465.45
25 698.06
71 664.97
59 594.13
66 368.62
10 144.70
70 399.23
54 498.25
30 229.52
84 166.08
12 474.38
55 135.63
44 767.53
38 568.72
19 931.96
76 767.18
34 217.42
16 870.57
19 632.29
68 975.09
49 772.69
88 308.29
22 292.71
73 831.18
35 281.55
12 947.54
41 299.31
57 883.53
27 399.02
7 164.43
77 283.31
12 980.61
7 532.35
69 243.25
1 685.62
57 105.00
22 734.32
48 123.30
7 936.25
5 693.03
17 959.48
26 584.88
90 989.44
47 384.81
84 318.38
62 502.03
95 663.31
84 202.06
3 863.89
61 404.44
77 586.53
50 887.10
87 653.69
8 602.48
89 776.99
16 899.38
72 432.61
47 600.00
87 378.05
52 334.71
62 535.01
31 957.37
35 176.17
26 303.87
29 684.88
32 429.84
81 549.73
23 679.34
15 970.08
71 224.55
25 909.01
49 540.54
60 458.42
66 747.92
95 514.17
99 688.74
88 479.85
55 379.03
23 148.59
87 831.35
27 578.05
93 514.86
20 681.75
38 629.67
13 636.78
66 813.42
51 482.14
14 337.73
74 255.60
20 696.78
31 898.23
26 147.68
17 969.85
73 831.96
69 639.94
26 328.88
37 403.21
28 709.19
63 749.11
86 213.37
33 814.17
53 376.98
96 695.30
25 551.51
58 595.78
29 705.03
53 481.19
52 788.29
10 163.13
86 717.25
67 172.87
18 414.90
43 817.61
79 611.24
54 240.98
60 828.08
33 597.89
34 402.68
55 352.95
87 824.92
82 792.47
8 596.96
86 474.42
75 672.55
68 584.80
1 695.82
46 342.41
19 702.65
41 611.42
48 867.36
75 523.60
46 554.48
73 759.39
68 930.71
45 214.85
17 503.96
99 247.63
65 620.26
5 874.32
59 254.30
91 208.24
23 758.33
36 833.84
28 887.57
61 743.22
96 375.40
37 345.87
58 936.35
89 929.74
94 929.09
11 379.84
36 570.90
5 699.05
8 642.35
31 848.04
28 399.87
74 612.16
87 945.83
28 905.04
2 948.86
31 370.74
70 617.92
30 617.08
35 583.28
15 485.30
80 750.13
82 274.86
92 664.24
51 840.18
48 721.04
46 530.47
74 415.59
86 739.13
81 106.48
2 987.93
34 116.73
36 780.22
46 896.40
9 383.47
10 826.11
18 792.74
63 726.88
64 306.08
56 780.05
86 500.69
90 860.51
54 944.38
77 290.87
62 813.28
62 801.36
18 474.81
64 683.87
46 394.41
54 235.44
51 303.75
79 556.87
40 490.38
23 348.52
33 226.85
72 726.97
75 224.62
14 813.10
50 767.74
47 770.64
2 317.67
81 403.77
41 775.37
40 965.39
10 452.08
100 705.02
32 385.80
69 867.69
70 325.29
80 236.41
60 268.65
86 669.71
71 947.49
39 501.31
37 440.87
7 583.86
26 751.40
80 448.42
36 432.94
76 492.82
58 244.80
46 292.13
43 732.80
15 741.04
90 873.51
31 327.16
94 200.49
57 204.48
18 844.46
61 308.50
9 158.28
34 269.33
35 728.95
45 499.22
99 514.52
38 938.54
71 387.81
99 366.40
89 563.30
19 267.77
20 962.03
68 928.83
91 615.98
23 596.62
21 222.57
96 285.17
14 992.24
66 560.17
82 697.06
37 405.16
26 282.69
52 916.49
99 530.98
15 437.61
55 897.00
63 700.22
77 213.60
39 361.25
81 864.50
63 989.28
18 455.98
77 859.83
81 919.42
85 676.79
35 180.83
26 457.55
64 360.70
90 322.92
75 884.83
69 356.86
46 363.52
35 435.86
20 796.76
84 115.23
12 739.14
99 500.14
24 998.23
18 309.67
47 451.57
39 456.45
46 118.21
22 772.26
21 485.04
86 356.78
9 397.96
6 533.24
22 284.12
16 494.89
33 175.32
66 249.40
48 905.95
23 149.54
27 116.01
78 867.64
52 703.27
48 387.05
81 247.66
56 610.21
14 662.86
67 168.80
77 252.87
11 847.21
50 734.82
38 169.48
57 116.01
66 299.04
23 708.78
91 521.30
88 641.25
15 746.52
7 368.98
61 405.04
52 272.45
5 212.68
74 872.96
3 248.67
26 925.80
1 759.17
28 117.71
55 246.68
4 797.52
85 737.51
42 536.60
85 263.52
61 672.50
58 638.84
45 743.12
8 215.08
45 961.79
66 719.53
29 743.51
1 656.73
43 733.53
83 251.77
11 142.85
19 353.00
33 669.21
40 106.94
16 280.40
56 442.66
17 282.10
78 689.31
23 544.18
59 247.55
68 905.05
2 337.92
40 503.25
80 850.12
1 213.77
5 849.98
80 123.92
42 192.52
6 937.54
11 735.84
60 992.71
78 362.55
51 714.55
22 832.26
41 616.23
25 861.16
88 877.92
42 877.56
52 654.95
16 442.82
93 759.24
47 629.76
21 248.03
40 236.87
39 824.76
17 184.92
8 755.69
77 791.23
69 647.64
94 818.08
4 135.21
91 393.02
5 681.58
5 889.02
97 903.43
100 724.88
48 103.16
1 676.18
58 390.60
78 511.59
74 157.18
39 468.36
72 836.55
100 511.40
90 680.54
12 229.05
45 821.59
39 781.63
58 937.16
99 109.01
20 334.48
50 215.64
86 992.59
10 140.88
17 506.38
53 382.90
2 358.64
95 821.96
16 357.26
69 761.48
90 564.72
91 870.78
25 266.39
91 799.89
45 680.33
50 434.93
27 333.60
33 182.04
30 506.34
4 526.06
94 386.88
6 886.48
49 748.65
79 709.52
71 175.39
17 182.23
81 741.79
13 611.89
15 430.64
5 371.15
21 223.40
9 594.01
30 289.23
68 357.45
30 706.63
24 963.24
25 729.46
83 960.46
6 382.70
64 452.70
88 807.65
95 289.23
21 729.05
50 539.65
69 881.52
42 836.94
69 564.84
86 475.65
5 767.84
59 134.24
36 637.94
27 160.00
64 198.54
45 850.45
49 119.48
49 851.62
25 257.08
1 851.85
79 906.45
95 808.45
37 433.12
41 967.22
40 952.45
52 809.50
79 241.28
10 134.38
22 584.57
43 701.98
46 236.50
8 892.36
10 365.87
27 455.64
36 749.22
6 851.88
20 519.46
44 901.65
56 867.24
29 180.91
19 271.75
44 293.96
56 916.13
6 475.48
78 164.10
64 623.71
58 826.98
41 478.35
1 875.35
69 981.66
9 386.50
100 647.57
69 348.40
64 889.32
37 677.11
11 257.00
1 123.03
74 429.16
51 475.04
6 796.96
37 945.81
10 296.92
24 956.23
42 480.00
31 507.24
81 119.16
43 571.72
21 147.98
90 598.45
38 831.26
4 641.37
44 457.83
95 945.24
16 390.66
45 144.10
32 309.18
74 889.64
41 233.07
54 936.87
50 746.54
95 444.53
5 130.27
31 823.91
69 287.61
67 814.86
44 272.27
25 744.54
8 933.49
96 543.40
32 846.74
18 135.57
43 813.70
93 514.76
88 881.69
79 116.40
65 402.73
79 501.77
51 935.13
93 230.67
40 714.05
79 210.84
96 877.97
28 648.69
1 158.48
76 910.29
63 501.23
94 229.93
16 451.06
65 786.37
6 656.50
54 230.49
22 357.71
85 777.64
63 665.25
56 275.54
87 205.63
28 797.19
78 559.11
46 205.11
70 599.34
71 314.04
43 924.26
14 561.52
14 319.80
25 339.04
81 477.11
90 471.10
8 223.93
68 993.04
94 726.30
49 355.79
16 597.28
93 254.40
49 755.91
55 340.85
39 929.71
35 448.84
95 218.15
11 997.84
52 717.36
45 556.35
42 719.55
20 250.49
59 858.13
66 451.32
9 562.40
80 479.94
65 937.50
70 309.64
21 814.99
29 655.02
17 882.88
34 231.38
5 889.31
52 459.55
93 613.64
84 241.60
61 406.60
87 565.94
35 896.48
17 478.82
19 313.07
10 146.47
42 438.81
10 692.67
9 394.38
25 600.76
90 172.51
88 530.47
6 943.87
71 400.92
57 432.52
100 161.10
98 974.47
1 950.24
9 558.55
25 301.89
32 325.83
55 603.49
16 770.51
55 779.91
8 946.76
21 538.28
32 275.40
1 283.49
35 381.13
78 826.46
6 818.88
10 717.92
100 200.88
62 347.60
42 708.66
47 389.58
17 837.66
95 749.39
53 879.30
73 497.79
78 137.17
91 205.14
61 717.57
36 137.17
94 737.03
40 685.96
82 813.67
45 620.13
75 832.54
86 303.90
24 274.60
8 182.15
25 252.87
25 994.23
57 945.12
7 307.60
19 526.51
44 749.38
58 517.55
72 338.00
31 943.89
71 618.13
96 649.22
99 835.80
34 267.39
28 638.20
75 815.34
21 208.53
5 970.54
91 738.85
49 628.60
26 961.24
2 568.67
87 580.93
2 765.40
41 604.72
21 744.75
13 768.91
51 486.46
51 206.18
59 720.68
16 657.67
56 389.96
69 212.78
96 744.12
93 412.27
54 414.14
60 337.36
71 839.57
28 182.59
75 691.15
52 238.64
34 790.81
88 672.54
29 262.00
34 981.06
66 937.94
100 536.25
62 592.73
22 695.94
13 549.81
10 287.09
15 630.90
83 114.44
77 638.62
67 710.20
43 757.76
46 268.76
20 710.22
56 594.33
6 458.11
39 792.43
64 262.15
21 383.30
88 618.89
89 780.18
48 265.22
53 253.22
59 631.88
77 480.08
22 998.92
60 142.31
16 202.47
58 570.66
1 604.38
1 479.35
72 815.69
95 266.90
97 375.06
29 593.74
86 668.53
57 321.57
23 470.54
71 944.40
89 446.64
12 988.43
15 865.28
40 339.30
100 787.68
32 118.29
37 943.26
65 472.06
100 380.64
52 805.18
35 935.21
91 533.09
98 838.69
96 647.12
86 835.89
19 682.42
27 552.60
40 257.65
39 320.15
35 658.87
5 606.73
68 503.24
20 524.57
100 788.53
26 792.22
59 951.43
38 334.58
5 896.08
42 915.88
79 316.81
96 635.86
9 441.65
25 388.68
80 967.78
72 343.96
36 158.59
73 726.94
10 265.98
43 734.28
71 633.81
33 591.21
19 864.99
47 766.36
29 258.56
40 420.21
16 188.62
5 915.09
17 641.53
91 390.79
73 397.13
9 373.24
78 693.31
38 981.91
6 346.58
19 174.79
22 598.32
51 998.36
27 476.94
7 164.18
58 165.00
48 580.24
21 408.59
8 580.32
69 571.93
58 567.90
45 354.48
9 513.57
18 473.45
86 223.67
51 603.46
2 604.99
51 864.71
16 746.68
43 249.40
28 739.38
39 771.78
43 168.64
67 142.53
90 516.23
87 835.35
98 644.22
48 842.40
69 777.10
9 106.40
43 130.06
29 817.49
12 483.34
11 510.96
66 314.08
97 885.41
21 670.26
74 630.81
80 170.45
53 630.21
90 710.44
91 793.69
18 426.74
14 204.11
99 551.57
88 310.73
37 447.49
4 746.26
21 855.43
34 664.05
44 808.02
50 681.82
15 422.66
77 588.06
78 542.02
77 885.01
7 589.93
20 921.95
93 379.46
63 613.36
66 718.45
89 771.48
96 643.77
43 883.40
59 635.29
40 552.93
100 959.17
49 941.31
70 498.32
17 236.55
23 881.45
97 303.32
85 782.03
41 146.76
12 522.36
83 797.86
32 985.35
15 632.70
50 551.26
14 760.56
87 990.23
90 485.69
10 705.46
99 377.74
66 199.56
7 681.38
100 354.34
20 725.84
27 539.31
13 464.47
72 604.88
97 903.69
69 542.09
40 563.73
97 192.08
20 413.68
16 446.16
89 807.23
3 203.20
26 978.09
1 683.96
47 474.19
50 451.10
90 507.42
80 849.01
1 511.61
15 797.34
12 175.42
100 265.99
20 459.08
2 333.14
74 184.31
57 782.32
42 240.86
41 451.63
41 125.21
66 894.08
37 256.65
98 175.72
43 325.90
2 465.42
80 206.27
67 960.92
67 258.13
23 216.71
31 221.22
79 771.87
7 591.23
41 598.24
80 650.71
56 936.61
15 449.97
52 812.18
67 815.13
81 212.67
51 360.31
64 594.05
47 862.09
46 921.08
42 406.45
100 329.52
34 339.16
95 294.78
83 809.52
80 882.88
84 887.69
19 825.98
45 629.74
99 261.48
68 662.10
90 397.46
16 303.68
44 294.68
58 252.76
4 810.79
73 904.06
20 841.85
23 807.32
55 399.56
72 579.14
57 687.92
29 237.16
51 275.64
50 903.63
3 688.74
21 852.14
67 431.72
69 114.02
11 927.96
82 695.68
31 372.32
77 990.87
62 626.39
64 454.78
61 179.08
90 388.30
19 449.07
10 934.66
65 669.24
36 626.40
47 402.51
31 231.14
32 259.11
32 697.12
35 327.19
29 952.30
11 296.00
82 998.48
86 499.28
78 941.43
41 305.24
88 425.99
74 291.56
91 378.46
36 487.11
92 262.30
26 494.86
24 933.60
3 415.53
80 378.45
88 103.61
8 225.31
13 298.60
73 880.55
41 186.98
18 922.67
87 359.86
82 479.06
97 202.20
24 491.08
67 817.68
100 526.59
83 360.86
44 846.08
89 230.60
67 972.96
34 655.24
45 968.03
98 677.60
33 515.18
21 946.82
95 955.56
31 458.11
52 613.98
79 524.85
28 205.56
42 451.15
3 704.83
81 273.32
49 876.45
28 177.44
97 726.04
5 247.42
14 793.38
95 548.83
24 989.55
76 181.72
95 193.75
81 704.93
25 207.12
78 402.05
30 769.50
8 587.48
15 814.16
4 562.37
35 273.00
30 532.72
75 173.21
26 776.95
1 947.54
25 490.95
57 860.64
45 900.91
88 183.38
12 897.88
31 382.46
63 555.16
49 104.66
2 213.28
4 123.40
72 566.33
34 627.59
50 776.39
74 496.88
17 876.09
93 244.02
11 670.95
91 236.17
92 278.83
7 422.87
59 168.88
16 866.49
77 286.58
75 287.45
64 226.78
24 370.27
36 804.32
81 645.34
23 188.06
61 714.26
31 137.72
88 230.34
70 524.94
69 349.95
12 249.59
63 335.60
75 200.61
29 670.06
74 409.46
4 165.38
23 333.01
75 527.64
86 832.12
23 673.52
64 957.23
54 833.61
36 871.93
42 351.80
8 292.88
100 105.80
73 803.64
26 115.88
98 972.00
76 919.98
78 690.14
91 436.81
30 654.59
59 556.94
60 433.29
39 143.10
11 528.60
60 958.52
58 808.25
71 710.84
96 386.51
65 997.94
72 398.06
22 443.86
76 391.93
49 625.36
29 226.55
5 111.39
68 480.12
23 711.32
35 935.41
67 749.20
57 853.18
40 351.50
2 515.97
48 826.51
1 290.43
83 625.57
62 681.13
25 107.18
13 984.74
23 787.01
66 750.49
95 288.44
16 234.94
78 139.44
26 845.16
93 353.23
79 119.33
22 975.05
75 507.81
56 813.61
70 909.13
2 387.23
44 254.52
26 851.30
62 215.04
32 106.12
31 625.14
44 619.34
73 424.88
99 787.64
82 319.21
70 737.13
80 790.18
12 457.49
40 839.42
82 132.62
40 497.68
15 128.55
84 463.58
33 944.82
64 592.74
56 744.35
51 900.39
66 245.40
11 205.47
1 916.69
16 860.66
77 450.65
54 672.44
9 192.99
15 347.08
15 234.99
60 959.97
47 606.25
92 551.85
58 529.92
73 272.38
32 506.83
99 256.59
69 756.94
25 922.79
2 220.83
58 221.99
79 814.31
58 912.89
96 856.95
41 871.24
53 485.19
66 410.45
68 773.32
9 287.35
62 233.24
60 418.15
2 570.37
4 619.49
60 840.10
6 399.91
11 892.11
19 610.37
50 119.76
97 974.00
61 926.22
35 929.93
52 321.18
73 359.88
91 262.82
68 644.34
76 166.33
55 802.16
24 473.02
43 691.15
5 820.22
7 116.45
27 759.43
71 870.03
76 138.23
97 690.25
83 338.44
82 653.80
88 506.17
58 474.58
68 723.17
70 913.63
59 501.22
24 681.17
41 765.07
94 230.61
79 897.94
1 358.98
78 898.18
64 426.45
29 965.75
2 754.04
92 644.59
32 136.96
15 370.47
47 868.03
60 106.39
6 293.95
63 790.08
39 537.53
69 346.66
80 914.59
9 450.18
48 931.49
19 948.06
100 546.85
47 971.58
42 500.35
24 653.64
36 154.03
99 126.71
52 974.14
28 154.76
28 878.55
81 442.46
81 331.77
22 726.98
45 502.49
80 217.39
16 970.55
32 561.45
21 673.39
4 108.81
73 822.18
84 845.38
23 113.34
30 718.67
5 193.12
70 114.08
34 795.95
45 812.79
45 979.29
71 143.44
58 619.94
86 736.29
22 484.71
36 388.56
67 152.22
72 923.05
42 825.52
27 737.03
94 134.56
7 125.30
31 938.51
75 382.30
51 602.90
84 359.82
85 437.76
73 928.31
28 929.55
1 965.57
98 847.31
76 745.57
86 999.29
15 109.31
10 421.75
82 817.81
67 354.94
79 629.49
49 240.45
34 153.46
11 842.63
73 702.70
96 414.85
41 740.47
23 659.06
60 394.28
89 868.43
80 606.16
93 293.71
21 359.67
76 755.03
72 542.91
68 177.88
22 499.43
78 656.78
78 200.63
68 907.19
68 361.75
48 408.29
77 277.79
88 389.44
46 642.20
2 436.83
30 414.91
70 743.49
66 570.94
7 302.43
87 936.52
84 941.46
8 433.76
61 815.47
25 914.40
44 896.55
21 633.21
53 981.92
34 864.70
81 603.43
99 756.14
35 278.13
33 267.75
67 342.89
72 509.18
16 719.48
36 322.68
38 247.12
16 351.29
79 386.06
2 470.42
73 832.91
34 383.50
95 670.73
49 239.83
69 122.81
23 277.33
7 906.72
25 656.98
58 197.32
9 978.23
78 677.70
76 586.72
42 910.44
40 804.86
63 814.53
53 824.39
93 241.78
70 675.40
52 949.89
71 698.12
99 738.58
7 277.36
97 428.81
36 629.11
70 941.51
16 344.20
63 222.12
9 915.91
54 123.33
65 253.54
21 508.68
4 670.08
62 316.76
31 564.02
34 972.88
92 557.28
12 819.62
12 601.89
62 405.66
11 174.72
42 242.89
41 490.12
63 439.40
10 669.57
65 558.10
97 248.72
12 907.55
66 491.51
3 928.29
49 573.85
23 763.19
27 749.62
49 885.01
20 213.05
77 404.01
31 123.87
33 593.69
15 492.48
18 623.25
54 224.14
54 579.96
50 470.16
5 731.20
61 381.81
95 414.23
61 143.73
89 889.62
51 588.96
55 440.29
91 182.98
73 120.10
22 741.26
39 586.75
64 944.23
89 321.95
59 869.30
22 113.54
46 476.48
50 399.67
42 355.36
23 946.50
78 854.27
71 135.54
93 812.35
48 233.90
2 589.87
2 920.04
2 996.74
55 526.80
9 996.79
18 861.12
1 247.63
85 783.45
39 455.58
16 766.36
75 114.88
70 588.65
97 581.38
70 137.67
56 905.46
72 172.43
55 449.73
66 362.38
69 982.50
12 700.35
87 813.42
25 402.40
60 349.91
61 276.83
26 510.33
66 965.67
71 170.25
28 296.16
66 457.67
31 417.98
27 702.43
63 561.27
40 651.03
14 552.03
53 970.43
91 890.94
26 268.95
34 777.17
31 712.05
10 739.74
44 995.47
81 563.23
3 855.32
11 404.30
62 443.53
61 333.90
58 152.23
95 910.37
89 641.58
79 640.96
1 316.03
88 613.21
82 349.50
48 246.52
69 730.49
55 818.49
39 348.73
71 473.09
30 513.44
13 150.06
45 362.60
14 803.13
81 356.99
66 856.77
89 593.66
15 891.22
9 319.12
22 698.06
91 956.92
79 241.38
58 398.64
29 395.57
9 523.19
86 817.95
4 280.61
86 873.00
43 830.48
1 904.75
96 315.72
36 288.43
68 485.18
100 375.16
22 848.64
25 957.99
52 895.51
74 906.82
4 977.59
97 578.78
98 956.87
40 615.29
5 370.68
91 243.96
65 873.06
84 540.27
31 764.53
96 399.91
60 227.07
82 740.82
82 227.93
25 387.01
66 210.64
2 462.73
96 954.90
67 268.86
77 382.49
100 533.89
67 311.47
28 320.06
54 663.75
39 306.93
86 182.04
6 967.24
65 530.56
56 767.94
15 792.10
27 174.72
50 213.58
97 165.26
76 760.44
24 518.61
28 576.24
11 229.84
39 235.83
61 196.83
54 577.30
99 419.36
39 362.44
18 652.41
7 956.23
86 826.46
12 385.58
81 565.80
17 345.43
95 207.34
69 141.11
49 184.39
98 525.55
44 924.12
92 747.71
1 995.74
38 169.76
98 157.74
88 486.94
64 283.06
28 415.42
93 110.47
10 291.19
88 844.72
51 401.70
72 966.51
15 684.53
8 813.56
9 564.00
27 812.49
7 119.55
16 920.48
38 702.83
64 961.25
12 136.14
100 662.91
98 902.21
19 312.46
17 615.69
95 527.46
89 666.97
71 625.58
52 650.62
62 777.24
40 666.22
9 439.06
51 165.77
5 873.67
74 518.47
54 567.68
75 747.14
18 776.68
11 345.81
99 566.02
91 890.12
74 566.48
81 161.95
7 820.70
73 547.11
69 153.82
1 601.48
5 419.89
83 483.56
95 641.78
36 737.60
22 241.61
38 764.39
25 212.86
76 509.95
30 203.99
51 949.00
27 310.92
52 762.64
4 267.10
53 488.11
86 213.82
13 991.19
65 721.76
42 254.18
2 344.07
22 965.60
35 404.11
82 163.05
89 755.48
95 510.55
68 950.66
79 605.42
88 372.59
31 670.35
93 850.13
31 281.81
100 561.10
8 543.68
60 620.28
81 346.38
16 667.85
48 142.46
27 453.73
76 893.65
46 629.81
49 129.81
20 573.49
41 874.85
100 923.98
3 450.73
86 216.64
62 214.97
49 239.28
91 103.91
64 163.86
64 514.35
40 726.69
17 720.64
11 849.97
57 573.43
13 352.60
9 588.45
95 680.47
1 901.91
6 129.54
95 153.80
31 743.89
84 748.84
80 564.65
30 861.19
52 241.93
26 508.16
44 772.46
33 178.59
9 475.43
73 166.74
46 455.27
81 346.07
60 609.91
64 283.99
22 661.52
25 592.70
65 411.84
85 298.36
15 552.94
9 920.27
47 812.24
17 831.09
3 823.16
16 286.86
21 253.66
53 946.42
56 178.18
9 904.75
75 996.53
34 803.90
40 411.01
57 148.50
67 795.25
7 168.48
39 830.52
97 500.79
36 937.26
28 839.23
49 660.26
34 301.44
46 347.89
77 460.59
89 265.67
44 771.18
13 806.11
55 829.45
63 877.48
37 986.98
7 583.40
6 105.01
48 374.63
6 297.31
27 105.85
62 280.03
35 150.15
4 703.31
34 582.25
4 456.02
59 588.86
18 729.59
19 517.42
31 375.48
67 349.67
8 570.96
76 997.91
27 706.66
93 358.34
52 452.45
98 426.09
47 986.73
32 444.06
63 702.76
26 157.60
37 652.84
70 491.82
75 843.99
86 438.67
91 599.60
94 146.51
7 624.42
21 588.36
66 125.41
30 310.01
31 532.17
5 608.54
5 490.75
89 678.26
19 286.86
15 540.95
67 132.94
91 256.59
96 178.80
37 113.85
89 513.83
38 559.05
60 638.74
50 258.55
94 468.56
42 892.44
95 936.34
37 944.28
96 315.76
4 997.15
70 411.46
69 710.04
87 987.11
37 267.47
45 212.60
60 811.78
39 270.50
42 692.44
91 429.93
22 982.00
47 462.81
78 644.55
30 348.43
39 159.33
9 146.71
89 590.66
34 395.85
2 325.42
18 642.68
31 814.36
14 690.15
49 810.33
34 623.86
82 501.31
33 373.65
58 159.43
96 703.06
94 212.68
22 626.46
58 464.16
99 819.06
59 282.52
33 604.67
1 895.60
48 407.41
86 670.05
34 292.01
43 299.86
69 726.06
93 844.02
85 343.52
51 843.09
13 235.25
19 761.52
71 544.37
38 763.59
87 418.60
95 543.30
99 508.06
36 811.36
78 546.69
38 951.30
54 415.88
3 157.06
49 606.63
90 579.73
8 471.98
98 819.15
77 685.81
73 675.69
32 441.89
27 703.27
47 128.50
22 937.45
89 327.43
14 727.76
90 642.73
78 966.30
84 536.55
94 459.39
55 129.48
46 413.72
7 466.08
37 104.37
62 367.96
34 518.80
26 198.17
97 627.16
9 534.80
5 873.68
99 326.04
6 242.68
23 161.80
55 864.54
87 989.49
24 932.89
42 475.36
31 838.54
30 688.47
92 233.59
95 210.03
28 283.57
86 778.28
94 412.07
71 351.11
48 900.02
52 674.26
86 105.39
78 587.56
44 551.26
51 642.23
62 222.78
22 298.49
25 852.41
17 188.72
55 440.82
73 541.80
68 999.61
57 127.27
52 214.48
2 744.06
39 469.32
26 384.14
53 205.54
20 759.59
2 567.91
62 156.83
5 400.32
48 144.04
87 518.53
22 307.48
4 916.92
1 721.80
97 433.72
19 876.14
22 243.31
24 978.37
80 300.89
96 531.27
45 711.97
74 416.20
73 592.13
86 366.08
62 175.75
54 833.36
98 639.66
10 569.98
34 143.58
32 272.45
90 207.69
66 952.01
63 163.18
97 176.90
33 634.28
18 569.81
20 760.06
34 330.37
57 197.34
35 514.09
39 544.67
12 642.55
88 611.60
26 168.73
79 751.47
61 748.48
9 423.81
47 227.58
88 116.68
100 493.23
25 268.75
8 943.39
18 314.49
1 709.48
19 318.07
12 296.08
20 654.30
36 727.86
64 358.01
100 580.37
25 166.24
41 140.27
71 168.85
58 536.08
66 289.34
99 360.25
3 379.92
67 414.32
96 554.39
56 985.70
24 717.91
19 179.69
26 898.78
26 343.72
90 896.35
92 333.94
74 288.47
57 528.20
31 329.64
30 881.08
23 474.65
26 608.93
64 784.70
8 177.89
38 888.77
48 247.73
22 607.99
71 511.11
40 248.10
74 700.22
63 727.99
14 268.22
31 847.14
10 601.45
13 794.97
53 347.21
32 622.50
33 634.18
46 353.51
63 481.96
17 825.43
25 509.23
67 167.20
75 430.63
59 671.46
73 712.12
17 173.10
11 437.67
51 770.05
54 189.39
100 206.85
64 999.65
46 802.19
18 798.25
25 436.72
12 851.43
23 183.14
68 661.43
77 163.28
33 854.77
22 507.44
72 599.08
95 699.93
17 610.13
38 980.57
28 909.30
42 740.22
14 440.58
39 573.35
93 129.24
19 378.61
26 161.92
74 132.75
81 428.25
39 867.92
50 651.67
11 650.00
6 937.45
74 639.54
88 251.30
2 264.93
42 325.51
82 587.57
74 242.46
35 455.01
73 450.87
42 431.00
75 587.24
54 802.49
13 865.68
94 536.89
38 512.83
9 340.98
77 695.83
75 807.37
41 792.52
67 223.81
28 884.68
31 327.49
94 421.26
19 481.53
24 596.84
21 331.56
13 201.12
82 226.31
73 673.27
79 872.13
34 321.23
54 120.34
7 955.10
63 292.39
77 810.21
7 751.53
10 524.80
28 393.17
86 856.33
19 805.56
61 889.02
49 714.07
52 542.50
97 452.25
29 991.20
13 749.88
4 646.73
49 610.25
23 935.99
25 246.01
18 266.30
26 832.93
9 789.41
43 398.53
9 513.09
95 544.55
67 526.92
3 751.09
22 977.33
65 299.93
3 482.58
27 833.65
87 457.85
5 369.77
9 925.51
98 685.89
87 978.93
49 746.14
30 620.00
55 444.49
90 269.09
25 561.75
80 997.50
92 209.57
29 360.24
27 682.90
12 215.26
62 815.87
13 467.77
38 447.72
75 500.27
51 797.54
22 244.63
99 182.59
93 207.65
79 636.48
2 953.00
5 844.61
33 492.01
30 324.56
24 350.43
62 390.72
87 957.61
54 626.32
52 115.92
6 962.48
95 274.14
89 457.23
15 933.33
79 353.34
47 482.99
70 709.84
23 892.90
63 515.29
27 166.76
41 408.35
50 703.71
39 381.62
72 665.71
12 222.73
95 959.74
23 113.69
40 510.32
97 482.75
71 868.62
3 336.53
48 646.31
58 844.28
47 731.89
17 754.26
57 763.97
21 969.92
49 944.35
5 154.90
92 553.06
71 849.09
100 844.56
71 596.17
30 651.39
43 623.00
18 758.34
61 970.80
78 304.56
6 473.51
9 262.40
99 165.30
55 413.87
64 241.59
59 916.90
39 180.03
13 419.98
43 280.63
22 889.86
95 604.77
67 640.20
85 927.96
49 825.61
83 837.92
65 752.40
67 484.28
72 567.71
57 959.02
47 259.08
43 586.21
23 409.34
36 295.94
68 480.83
63 509.22
10 355.93
40 164.52
74 812.92
28 794.43
22 277.81
47 210.34
89 931.72
63 863.41
98 396.79
4 941.96
100 807.32
85 860.39
96 754.59
83 379.12
4 774.67
27 124.38
54 710.84
67 257.19
47 770.34
25 998.70
50 870.77
60 356.79
94 868.45
96 186.36
85 930.39
15 809.35
4 690.75
37 732.55
75 112.36
51 151.42
63 583.06
27 233.76
71 489.91
30 526.66
36 959.62
23 508.43
58 388.85
91 123.44
86 375.80
16 302.74
71 997.83
6 811.64
72 135.28
64 718.18
66 614.05
23 392.72
1 732.75
42 979.95
90 434.41
8 635.26
10 916.77
81 417.41
96 685.93
89 996.93
76 481.97
83 320.23
15 997.30
24 826.32
96 259.73
1 321.65
10 922.30
42 123.68
16 583.43
37 212.34
23 338.34
64 664.55
79 408.67
6 689.41
46 192.41
24 629.93
51 882.81
45 624.87
38 708.89
40 630.67
85 149.39
11 724.56
41 669.32
42 829.77
32 717.74
89 221.61
79 825.49
77 717.02
46 282.67
62 887.73
9 825.43
90 582.59
45 797.03
55 827.24
67 534.72
68 957.83
2 266.39
99 301.80
68 974.41
51 551.73
93 709.54
35 766.75
78 504.01
67 400.06
56 531.40
77 904.69
86 839.96
21 944.24
74 519.82
37 250.31
97 694.80
78 465.75
85 515.20
34 792.98
45 285.96
8 368.04
66 787.97
63 943.76
95 628.85
21 952.49
22 301.12
18 730.97
52 979.00
16 922.54
36 873.96
17 808.01
39 407.26
26 622.64
31 160.87
77 250.97
68 631.22
54 261.73
81 483.74
25 655.51
44 211.01
60 210.48
33 441.66
11 487.91
25 783.96
69 202.21
52 956.11
50 239.41
74 776.43
97 494.21
12 508.49
48 724.59
4 606.28
68 945.72
10 889.65
59 810.14
34 897.57
47 864.88
13 843.98
98 938.80
78 574.37
14 499.40
43 812.61
64 834.90
93 817.04
99 607.70
43 130.64
28 846.88
17 910.41
66 397.09
61 325.77
81 604.72
62 897.53
31 571.84
44 120.54
67 124.09
86 359.02
64 961.87
67 144.49
18 105.31
81 377.07
3 475.80
52 724.52
51 867.74
81 234.06
9 145.98
46 541.39
42 857.07
18 414.51
18 694.37
67 197.05
68 389.63
92 250.85
39 354.30
33 665.64
21 283.85
28 670.86
35 518.52
50 962.23
38 934.40
40 414.88
69 394.00
78 805.57
37 202.62
9 911.90
32 693.89
16 362.51
86 151.82
74 630.70
66 688.43
59 106.15
29 534.11
88 551.55
19 979.34
76 247.74
42 834.24
1 946.91
95 744.08
34 410.94
58 106.76
35 408.55
30 224.06
51 460.53
69 999.90
35 578.22
50 519.84
28 556.37
5 442.89
85 360.81
32 462.98
73 102.71
53 548.60
15 100.96
11 612.11
16 421.21
31 305.50
71 378.38
3 835.19
42 501.58
55 793.78
22 701.48
34 258.55
93 852.56
53 651.65
41 398.36
43 612.92
74 300.13
95 766.96
20 907.33
50 976.61
51 244.80
96 284.42
57 443.13
69 468.82
68 720.48
18 260.47
94 545.54
59 846.71
96 193.58
17 310.35
9 734.24
2 711.53
44 340.60
41 578.48
22 461.43
37 659.56
71 391.75
83 992.16
35 702.91
5 295.77
7 987.04
99 570.50
86 886.85
55 664.69
44 135.71
61 998.42
2 463.23
71 337.52
13 459.22
65 103.22
36 374.31
9 512.29
48 699.86
25 133.07
14 655.75
25 885.82
17 630.79
68 668.17
30 743.15
64 465.42
15 108.07
52 657.75
15 309.45
38 537.80
51 767.50
76 503.13
56 831.65
39 929.89
1 586.81
46 899.06
70 121.29
63 645.10
26 633.52
19 697.87
39 795.58
65 207.93
67 437.75
85 540.37
61 484.99
69 224.42
55 680.56
81 391.83
62 210.11
25 618.92
83 435.72
32 541.19
34 883.23
14 311.95
59 256.95
50 708.29
82 495.08
72 170.13
29 567.23
82 910.01
65 688.24
39 291.65
11 368.51
42 926.93
92 544.23
42 226.13
77 363.45
84 971.02
82 575.66
71 227.58
87 555.60
24 442.96
84 511.86
45 753.54
76 467.84
72 896.67
6 262.29
51 217.12
84 782.54
90 348.82
56 809.41
56 540.30
84 869.16
81 735.04
60 488.76
99 523.67
18 177.27
88 724.37
65 632.78
92 880.67
56 578.06
73 626.43
14 147.66
92 363.15
97 999.10
36 469.63
1 520.45
45 566.24
18 136.32
71 356.66
81 814.18
33 196.33
28 992.31
74 745.60
96 592.79
91 426.96
49 511.03
82 102.00
37 800.19
19 652.25
47 470.77
13 189.05
85 903.99
21 633.48
68 788.65
80 232.95
13 151.03
38 806.29
70 977.50
9 845.54
69 809.40
6 888.14
60 471.73
4 405.28
79 645.49
20 339.32
70 101.29
68 969.08
1 912.82
91 268.48
71 804.43
87 641.50
56 697.20
13 787.96
65 378.97
24 225.65
63 192.37
93 738.42
3 157.38
89 168.63
2 788.43
1 228.65
15 911.24
48 518.71
55 561.67
25 310.21
5 533.96
37 692.66
1 790.76
22 215.98
25 355.27
62 425.57
18 487.79
61 726.94
69 224.89
41 927.11
40 726.60
38 710.76
18 762.69
32 855.01
89 206.04
75 988.17
80 868.90
36 259.60
78 113.13
47 353.71
24 607.39
42 943.20
70 265.82
32 584.72
48 584.63
38 593.08
52 941.01
80 154.61
43 405.58
68 582.45
27 118.51
60 884.31
87 420.51
13 956.17
76 974.33
18 748.39
27 255.43
94 716.31
66 276.04
74 301.63
89 517.68
71 736.53
84 186.98
23 763.11
64 912.56
24 977.29
77 212.19
15 430.90
59 782.63
47 970.70
13 891.69
76 204.41
97 173.30
41 101.17
55 268.68
17 507.89
36 155.22
43 259.22
18 104.03
90 885.14
60 638.34
71 196.74
45 420.66
12 218.88
3 981.38
86 661.03
100 758.99
42 327.74
17 525.47
46 879.06
7 662.43
28 788.91
3 103.82
59 562.17
24 931.58
96 376.63
41 480.08
51 589.50
34 917.63
23 352.64
10 339.92
7 441.84
48 770.68
73 476.12
27 837.32
5 117.69
20 370.72
14 431.76
37 647.22
67 541.07
39 898.50
37 674.26
33 955.11
56 471.53
50 726.06
5 572.40
48 606.20
32 654.39
91 507.83
13 127.74
39 921.59
80 385.65
21 460.92
59 134.98
27 872.66
9 362.43
10 656.40
42 811.25
95 317.00
84 180.25
14 906.17
38 701.73
79 866.55
68 437.88
44 557.36
17 150.65
83 555.56
44 619.41
36 182.99
61 242.27
37 288.94
58 677.58
14 620.57
97 710.66
16 923.94
62 560.65
10 369.53
13 102.49
94 944.28
20 754.37
27 567.42
5 118.72
53 818.11
60 363.05
100 724.96
81 527.34
42 908.33
76 728.27
66 179.53
89 804.56
16 851.47
89 410.39
75 793.68
31 295.33
96 564.22
95 850.95
63 812.13
40 801.39
27 600.85
60 128.57
21 160.35
7 479.41
80 456.44
42 588.80
89 399.66
56 210.28
39 398.98
1 675.03
57 172.41
83 456.37
76 644.28
62 530.31
52 141.36
81 710.81
20 974.21
18 643.33
69 785.81
73 298.98
52 470.46
90 280.05
63 672.71
92 282.75
73 112.14
75 129.68
91 427.27
16 379.95
52 555.05
51 108.79
91 569.14
11 201.65
20 360.53
97 992.11
58 720.88
2 183.01
6 664.77
80 821.13
84 146.51
18 322.97
99 134.54
56 724.76
95 965.47
16 562.82
57 880.47
81 818.57
54 745.40
51 500.95
2 218.87
69 537.64
100 162.44
73 608.31
30 286.41
67 600.06
36 796.27
7 818.82
1 438.46
21 615.18
68 132.55
19 323.84
45 468.57
7 412.43
38 220.32
5 762.23
88 207.14
54 332.05
4 414.87
77 580.08
20 304.25
15 792.07
18 715.60
10 730.36
64 373.58
32 484.10
89 355.31
20 885.38
46 938.72
69 418.78
57 522.45
47 997.25
99 565.40
80 187.39
47 832.91
58 513.49
82 990.73
65 937.30
15 434.65
73 782.62
66 806.22
99 225.35
69 895.08
34 369.46
22 208.02
19 250.58
71 241.83
47 577.55
90 244.81
89 437.19
50 707.45
13 722.61
80 798.35
36 376.40
31 229.11
4 333.17
99 925.20
58 813.66
32 527.73
77 469.38
21 556.46
29 611.89
64 809.46
27 925.96
32 619.68
39 576.92
10 250.43
23 977.13
72 649.72
71 804.26
98 950.35
33 365.83
18 907.18
18 829.27
15 712.05
15 627.62
19 257.64
23 466.60
80 266.44
36 457.11
57 752.38
60 196.50
51 250.94
66 329.13
16 389.66
4 505.10
28 244.49
6 728.64
25 405.60
4 185.31
16 337.52
29 457.26
99 283.19
7 963.13
24 409.13
78 619.59
19 474.53
24 386.22
26 232.38
51 385.52
21 271.07
68 168.49
40 865.73
57 269.10
39 831.85
36 216.15
28 298.35
28 151.59
23 688.86
65 682.04
80 994.65
48 126.06
37 914.79
88 476.64
57 420.17
50 208.58
11 513.59
13 301.70
96 825.65
71 403.39
35 873.98
32 297.46
5 338.08
84 851.97
28 639.04
34 277.75
36 820.78
1 124.41
13 881.88
5 296.64
80 234.27
19 303.98
27 673.33
47 295.39
13 640.19
2 826.21
52 160.53
2 713.39
64 936.42
69 762.25
11 772.65
28 464.36
4 434.21
37 667.92
