3000 1000000
30 285.37
80 450.38
71 828.67
66 664.58
82 729.62
71 395.77
47 372.25
44 186.38
26 940.84
27 217.98
89 726.05
58 988.21
84 138.19
65 250.07
11 478.08
19 839.80
23 793.38
99 497.99
63 546.27
76 696.00
23 818.19
60 230.26
57 709.25
11 545.43
78 891.92
71 592.19
86 317.40
88 677.11
43 339.00
91 112.40
2 984.21
75 126.38
72 493.82
100 183.20
58 926.70
4 918.12
24 310.70
27 476.65
56 473.68
93 515.98
74 555.45
14 976.39
94 512.14
68 402.46
96 707.41
37 732.12
26 508.23
72 561.73
84 342.12
32 575.61
33 953.36
13 435.46
42 559.45
62 103.04
56 910.19
30 190.14
8 357.46
72 322.20
21 110.64
9 198.11
71 429.70
43 477.21
35 911.64
1 767.23
9 765.47
49 908.49
45 783.97
68 189.71
71 889.01
62 604.55
83 896.17
60 824.73
21 337.32
87 584.09
45 630.83
97 907.95
88 711.32
69 180.09
21 486.06
90 786.00
72 179.01
92 873.92
67 313.05
25 668.02
11 138.31
7 106.63
54 708.83
78 177.89
68 170.38
22 591.08
19 934.98
86 381.03
42 442.47
18 454.83
18 335.56
21 303.61
61 871.78
54 492.91
37 707.33
23 237.42
48 390.29
77 109.84
15 564.93
4 376.69
32 341.06
52 577.32
83 450.22
94 729.48
98 672.87
59 628.10
16 917.44
32 632.04
10 111.38
8 711.69
43 890.95
95 172.70
91 572.91
18 937.53
88 986.94
35 350.80
95 281.98
65 585.41
75 301.40
33 552.94
61 199.34
40 842.58
57 370.65
24 846.47
55 745.96
88 570.92
4 344.21
37 279.62
40 552.43
37 157.89
56 535.35
44 934.85
21 105.32
45 836.42
72 876.11
6 645.67
7 608.28
54 416.31
74 516.63
47 710.74
16 530.30
94 511.15
41 528.20
97 142.98
70 498.30
91 552.93
42 275.92
81 638.38
68 665.66
40 888.82
35 214.79
71 585.68
20 583.48
70 105.63
27 821.12
44 590.61
99 109.96
45 872.22
19 515.20
43 515.22
45 753.21
70 619.47
59 164.83
85 772.88
75 645.66
60 674.91
71 907.07
49 660.90
19 865.71
51 716.84
82 665.54
17 925.91
10 823.61
17 530.99
3 958.92
62 463.38
40 666.19
13 208.71
59 109.51
80 674.61
44 423.72
35 242.46
5 827.18
3 334.91
10 757.63
63 729.51
14 934.30
93 769.20
79 192.51
78 593.99
11 326.95
39 949.35
38 987.69
38 108.12
29 911.99
42 213.30
3 383.43
19 994.81
36 999.63
41 528.20
91 563.15
59 164.10
62 489.64
63 175.86
76 546.94
21 961.76
12 587.74
15 791.60
68 238.47
22 370.69
23 323.29
73 733.92
10 788.93
38 326.31
20 808.90
82 291.85
72 721.43
44 301.86
81 794.32
76 285.23
7 159.58
54 469.36
90 200.53
68 785.56
27 918.24
14 295.27
90 948.17
16 819.76
5 437.89
1 652.69
84 679.91
48 748.61
56 224.08
37 475.05
88 715.11
14 408.27
47 884.85
64 150.97
34 627.34
44 596.50
22 813.66
22 983.99
9 840.59
35 810.48
100 425.04
85 913.64
95 998.42
75 769.21
68 278.74
28 483.72
35 831.43
64 330.21
81 124.58
60 823.97
55 774.35
94 809.94
37 603.01
78 632.59
81 696.12
23 199.00
68 137.47
75 987.14
73 419.53
43 744.10
76 334.53
57 227.77
16 129.57
92 654.84
46 336.42
1 488.95
97 315.24
47 583.64
78 330.29
10 615.20
24 992.06
84 723.08
35 941.30
26 621.36
81 338.72
3 509.38
16 654.52
76 844.13
56 464.05
99 103.14
80 416.63
46 564.04
81 645.19
44 730.59
1 690.31
46 835.57
4 741.42
64 193.70
81 664.33
2 179.22
27 645.08
89 399.87
7 678.13
58 275.25
42 507.37
17 262.70
32 515.91
42 126.82
4 243.70
25 969.44
27 481.64
27 811.77
6 800.74
85 902.83
59 438.10
81 390.96
64 977.82
54 725.03
41 532.11
47 463.14
74 885.98
52 446.97
74 910.28
60 157.44
97 563.95
16 477.83
50 912.01
96 629.68
87 420.91
45 447.01
32 781.30
3 245.32
63 249.58
80 538.89
42 202.12
18 411.55
28 264.30
81 456.10
62 765.85
29 542.22
88 824.03
89 967.62
69 935.99
24 340.09
51 530.48
50 907.07
27 851.03
14 167.54
22 677.03
75 618.26
26 752.37
98 790.56
49 659.75
59 172.01
95 639.97
3 934.62
97 302.85
96 924.39
47 899.46
28 139.31
83 674.95
91 737.38
51 859.55
37 130.73
17 519.35
13 681.77
12 926.03
33 968.14
39 608.78
71 828.45
10 847.12
70 247.62
2 929.91
41 267.97
69 148.00
23 361.23
98 896.01
3 604.46
44 959.29
10 407.41
40 696.72
64 896.81
11 646.08
95 514.66
1 256.86
10 750.68
91 344.18
49 858.80
34 994.81
16 362.25
30 819.23
20 566.23
70 119.76
17 711.69
38 218.92
70 614.45
27 811.40
75 257.44
19 602.98
30 748.87
99 323.13
16 480.71
53 505.87
40 978.75
55 197.91
37 336.34
55 848.87
11 444.92
29 497.25
83 337.60
45 533.31
32 529.11
49 646.93
22 344.00
78 943.02
43 193.87
32 575.20
30 515.09
20 492.86
57 900.70
91 574.35
85 352.05
45 866.39
13 107.14
15 590.80
51 266.68
95 118.83
8 132.24
2 991.96
32 145.81
73 273.23
44 918.06
66 509.23
86 781.37
65 380.72
67 974.61
49 359.66
1 686.44
28 964.72
95 451.06
55 679.88
45 858.70
9 374.14
15 624.66
52 522.73
74 419.03
5 846.40
88 831.47
81 310.52
83 803.26
75 166.53
71 276.36
85 311.04
99 792.17
16 873.97
13 266.52
18 515.06
83 733.08
50 655.12
82 551.93
38 906.01
11 902.72
62 560.34
35 188.42
97 547.48
57 380.74
99 141.82
49 931.22
79 714.43
24 631.92
82 601.39
8 846.63
99 535.84
34 728.77
41 700.82
8 631.50
2 346.65
20 861.53
69 938.39
20 411.53
8 165.42
70 312.23
11 955.83
39 613.33
51 350.96
11 498.21
24 838.80
67 425.95
18 795.40
8 219.13
4 381.65
85 707.70
63 214.48
69 113.19
49 739.82
56 394.88
76 952.80
47 296.00
28 103.83
71 591.46
41 891.72
92 229.59
13 657.81
10 547.97
8 165.75
81 975.31
75 907.50
85 683.45
88 467.36
7 578.55
4 507.55
15 233.35
100 528.76
59 639.73
68 803.66
79 103.48
33 182.64
58 682.71
87 838.11
50 973.26
93 396.83
93 976.30
62 866.63
41 554.17
85 275.40
13 755.35
52 201.47
28 115.31
57 817.13
39 668.11
49 881.43
22 146.74
29 851.65
56 421.50
16 797.27
88 780.37
37 790.46
24 455.14
60 393.98
3 856.45
73 244.25
83 196.58
60 137.28
81 974.80
21 299.10
57 239.00
89 765.70
57 306.22
36 948.48
70 184.33
75 764.44
45 968.64
59 295.28
77 177.87
37 331.73
7 472.98
37 965.52
20 626.94
79 709.26
72 491.52
47 229.70
46 187.02
54 494.76
78 850.91
81 285.40
14 880.90
88 597.39
7 132.13
37 920.34
47 580.20
55 655.33
40 137.69
10 196.58
84 785.89
86 834.17
25 417.16
23 208.28
60 276.03
25 563.37
79 397.71
20 834.94
74 565.85
85 315.44
40 550.29
10 378.94
15 803.81
35 115.14
39 921.66
35 678.02
67 226.43
17 484.46
9 389.48
97 444.15
20 657.75
80 191.96
61 113.79
40 244.36
59 193.66
81 831.82
42 922.47
34 162.38
70 729.99
40 628.21
27 948.03
15 453.01
59 475.51
8 837.07
21 332.08
62 336.51
20 909.68
12 451.25
33 858.74
42 947.55
67 676.89
15 751.40
88 323.76
93 878.08
59 249.31
48 548.56
95 428.05
32 573.45
17 282.32
51 570.01
8 709.64
27 930.05
67 750.97
4 677.28
99 510.92
97 555.03
71 175.25
87 796.25
75 439.72
1 339.78
38 320.33
59 504.31
49 891.63
64 404.20
62 168.51
18 714.71
94 519.99
12 672.82
6 863.41
86 691.07
100 452.30
75 194.03
34 343.96
14 273.92
98 133.04
12 503.48
71 146.17
83 353.93
30 797.20
58 265.60
42 503.66
51 578.61
80 945.05
15 137.99
49 659.05
85 569.00
90 932.46
21 840.78
59 702.69
65 423.69
84 125.42
17 642.75
17 926.78
69 597.01
24 436.42
97 159.49
70 719.48
28 633.18
81 759.28
72 497.81
80 696.60
48 731.90
29 276.69
39 652.56
10 871.55
19 466.39
78 369.33
49 770.02
54 992.31
95 723.89
41 679.32
13 284.00
44 827.32
56 245.12
10 869.15
47 160.29
79 371.09
87 308.11
83 446.96
40 822.27
50 965.75
70 939.37
82 745.30
78 396.82
7 800.54
40 754.42
74 204.38
90 923.45
79 984.60
73 365.37
71 154.10
19 923.37
60 681.87
84 692.63
93 603.07
73 672.08
75 124.82
37 424.74
87 518.35
57 165.52
42 978.75
46 243.05
84 750.94
69 213.83
89 466.73
93 113.07
10 560.73
66 301.03
5 438.63
77 248.72
82 221.77
49 837.72
82 883.65
13 685.34
38 536.48
44 382.56
35 608.38
79 708.34
79 729.00
34 256.21
54 207.98
72 687.80
76 351.64
93 176.94
82 470.39
41 125.71
15 915.75
11 426.99
29 213.69
78 204.82
85 460.64
30 838.66
21 889.35
16 869.18
80 601.47
64 319.83
67 627.38
72 659.03
15 764.43
9 586.05
75 795.58
43 612.33
78 527.09
62 148.30
29 738.89
27 729.17
86 801.70
6 434.15
95 866.49
14 231.15
85 824.66
51 846.82
21 309.79
82 487.52
43 995.96
23 570.97
63 440.45
47 689.23
29 912.62
1 765.65
69 788.45
81 599.29
69 829.92
81 722.51
94 800.46
18 374.63
80 903.22
14 714.14
62 198.41
30 615.99
77 860.38
82 158.96
94 352.52
4 864.65
41 602.86
91 505.82
4 605.54
55 134.87
81 941.13
42 807.25
40 256.67
33 236.34
50 711.42
48 689.07
33 749.49
85 919.27
22 331.06
24 779.02
53 868.31
26 313.16
37 734.67
76 576.08
47 956.36
39 321.35
54 312.97
71 434.90
85 448.91
53 520.68
48 939.78
51 615.96
24 751.89
93 678.25
82 924.86
27 511.44
28 937.53
83 523.82
70 524.02
54 440.77
11 904.32
2 809.06
18 814.15
63 635.55
89 627.40
8 347.65
52 852.01
97 965.45
84 505.90
48 838.65
15 777.06
26 681.31
87 894.05
18 295.92
55 596.96
8 750.34
90 986.86
44 174.10
33 521.53
33 387.55
94 896.17
51 931.02
99 477.33
2 522.79
85 515.10
44 679.85
43 545.08
97 432.56
7 983.94
5 139.89
58 888.87
29 625.53
54 707.28
84 312.31
89 471.97
14 341.41
2 576.16
56 406.03
62 302.59
29 217.90
33 643.19
7 284.87
11 552.18
27 995.33
100 573.32
7 350.85
67 308.25
69 525.93
13 731.81
6 789.17
92 473.53
100 948.62
30 262.27
15 862.43
74 112.24
34 236.70
17 222.01
49 795.70
52 303.86
3 826.99
69 494.13
78 852.64
32 780.92
55 116.60
21 331.25
84 173.36
4 876.88
81 587.92
63 537.25
9 241.29
64 669.46
37 170.33
26 947.82
80 392.61
24 675.40
2 885.32
32 906.84
66 606.86
35 818.95
71 754.19
68 609.13
29 908.19
73 122.55
38 771.65
52 987.01
100 937.94
48 781.34
24 798.02
95 360.78
88 850.23
37 685.53
21 607.49
83 745.81
95 107.38
89 818.91
55 871.36
10 796.09
91 784.64
3 585.27
59 816.25
42 747.74
63 987.06
7 346.30
69 675.43
24 798.41
86 992.56
45 697.28
31 670.32
90 308.79
72 139.24
63 838.96
89 679.88
59 204.60
37 327.25
26 357.97
23 621.14
50 494.58
74 268.34
52 245.48
35 830.85
47 890.83
11 541.07
3 112.91
2 816.87
10 566.72
23 296.11
3 270.81
43 392.81
66 680.29
98 862.67
36 441.85
27 712.96
72 376.51
11 835.66
40 727.74
35 463.50
39 924.98
22 985.37
79 602.24
45 458.46
50 204.43
64 336.62
77 633.14
21 522.35
84 907.44
74 288.00
74 530.93
41 163.77
85 247.44
25 330.53
46 495.62
21 506.69
85 721.08
7 633.04
44 407.05
26 916.31
86 184.87
34 837.75
79 494.65
45 845.00
77 226.27
14 566.92
83 496.29
8 177.05
16 908.93
46 272.64
8 834.33
13 866.84
7 487.61
37 861.28
50 791.82
65 912.40
31 916.33
40 778.90
34 359.06
56 234.49
70 731.76
39 666.58
76 398.27
25 734.41
77 208.79
35 298.62
24 249.28
96 553.58
19 898.51
95 804.33
29 280.51
23 746.29
61 244.91
63 630.36
19 700.82
97 115.19
72 326.51
13 452.28
4 884.66
58 917.70
23 804.70
81 651.68
61 681.82
9 903.26
81 572.02
50 458.17
45 758.38
80 689.22
21 144.31
46 661.60
5 221.89
73 956.34
41 597.66
16 202.53
63 588.72
69 731.83
35 134.94
34 216.44
51 812.95
88 456.76
73 691.25
44 435.56
70 274.57
46 994.08
54 121.75
24 649.58
99 867.28
11 107.60
17 578.66
16 578.35
74 917.19
66 648.55
24 958.85
97 934.71
27 379.06
50 483.17
23 707.11
71 672.54
86 772.81
21 244.22
55 306.99
77 473.35
59 579.49
90 847.10
59 288.26
48 252.08
12 932.03
38 296.43
36 444.41
72 181.82
22 310.15
86 837.36
92 278.65
70 177.11
96 610.34
43 833.27
56 775.08
26 404.41
94 800.32
97 461.95
52 263.02
51 511.26
81 935.78
75 294.50
7 373.81
24 998.81
47 989.51
39 849.86
44 607.61
79 288.12
15 358.91
36 618.39
64 939.89
20 760.47
98 774.11
43 442.98
59 256.89
67 810.51
72 481.69
29 230.53
85 697.71
88 923.82
58 211.44
1 841.60
75 134.41
14 742.91
45 137.66
59 210.73
57 537.32
74 627.09
61 314.23
98 842.76
89 153.74
70 525.63
45 686.17
24 831.60
7 653.83
66 612.64
97 283.71
74 855.90
37 995.66
49 969.63
82 644.20
23 390.40
16 516.00
74 261.69
22 574.82
16 654.70
60 585.92
35 430.71
35 700.71
79 994.25
32 573.07
91 802.68
3 411.45
90 775.24
8 315.92
12 723.38
22 473.62
66 561.22
8 631.74
12 161.21
57 384.29
67 402.84
96 829.66
46 499.27
37 125.27
19 795.78
24 236.09
77 815.00
54 988.20
38 207.30
9 510.16
82 910.12
8 300.38
6 538.72
19 932.89
2 400.83
49 260.94
94 952.80
17 177.16
93 819.97
31 478.44
45 278.96
8 794.01
98 457.25
32 255.50
42 692.49
20 114.38
89 171.21
41 942.84
79 230.68
11 856.70
80 983.41
70 599.60
21 519.38
62 608.69
36 275.93
23 127.65
100 206.26
75 116.36
65 936.12
64 248.17
97 554.28
4 959.91
26 432.85
29 462.82
61 798.62
79 797.67
78 885.60
78 261.20
76 731.62
87 732.04
39 895.53
36 362.14
54 557.66
93 467.00
12 530.05
61 819.66
31 228.91
8 683.51
8 272.43
82 374.88
89 972.84
81 788.17
65 511.76
80 717.35
40 261.90
53 265.54
10 428.95
40 644.39
6 391.11
100 320.56
46 532.39
10 726.04
23 373.61
19 347.86
32 193.42
39 544.85
58 403.92
84 910.59
15 527.88
68 748.00
90 295.56
60 311.05
1 759.24
8 989.77
24 274.50
49 268.21
59 609.34
17 324.84
40 280.99
62 655.44
30 195.75
80 912.26
65 985.28
30 250.34
41 484.67
16 972.69
31 691.08
97 395.79
37 534.06
37 764.14
30 575.46
57 418.42
94 997.22
62 408.16
100 876.11
63 932.47
62 124.28
30 339.13
72 855.69
94 394.85
19 363.56
23 337.59
83 769.72
65 557.98
57 593.59
25 804.47
53 220.60
72 280.71
35 106.63
7 838.52
8 456.34
53 592.12
8 578.97
88 358.79
10 482.84
27 234.29
40 849.26
5 953.07
84 161.62
66 339.03
28 943.29
2 216.26
21 228.72
78 586.41
40 982.76
73 929.98
56 567.87
82 745.78
61 562.88
1 928.15
35 482.56
37 679.18
4 667.40
62 332.79
34 277.58
8 463.91
74 687.92
45 224.81
6 699.54
23 804.90
71 732.66
25 521.99
84 738.60
95 381.20
7 824.99
3 890.58
58 688.04
78 138.41
99 143.57
87 345.21
34 330.76
87 987.19
100 735.85
90 257.31
72 633.30
66 575.53
2 698.98
58 156.40
2 957.75
72 128.92
90 570.62
90 324.94
14 715.61
66 253.59
93 702.86
12 153.36
62 394.95
93 800.89
89 252.25
48 266.91
40 449.16
64 597.06
79 547.62
98 456.38
48 648.32
89 724.58
14 743.50
21 200.94
61 428.65
73 708.01
26 865.08
10 718.47
50 509.46
43 971.61
21 932.32
71 735.65
12 616.86
81 259.25
100 280.76
58 760.44
22 578.48
35 543.49
74 949.23
46 710.16
93 285.03
3 796.72
92 318.31
46 721.64
28 353.63
95 873.13
62 181.21
94 380.38
9 261.62
69 111.70
45 513.44
68 209.94
45 487.21
59 354.42
5 541.18
24 586.61
9 282.98
55 870.13
65 771.83
13 607.38
71 779.77
58 307.37
37 299.39
20 670.62
54 669.56
57 960.39
53 227.39
44 740.97
76 960.87
38 512.59
69 578.36
85 859.59
54 325.64
12 348.02
3 551.70
8 356.72
18 226.15
32 206.19
66 474.02
77 108.60
31 891.35
53 708.49
37 554.23
15 787.42
71 824.33
96 820.62
70 209.06
35 324.26
3 210.67
70 544.33
80 437.15
89 833.37
88 190.30
37 216.39
37 675.28
64 413.49
63 350.80
16 360.86
96 433.35
94 918.89
99 668.27
53 749.39
6 473.19
95 611.04
66 293.78
58 461.54
29 558.23
3 297.56
54 564.02
77 698.83
24 801.62
85 362.26
79 910.65
10 687.51
100 418.33
39 642.84
66 947.80
42 252.25
83 104.54
56 351.50
11 494.01
24 889.23
51 218.02
86 751.41
74 544.60
49 135.01
18 509.41
38 513.91
72 337.21
43 326.68
60 961.58
2 444.61
65 680.87
52 996.22
5 164.35
4 486.84
85 616.33
80 403.00
96 902.03
6 882.17
97 658.78
56 385.30
24 857.72
82 504.41
61 535.56
77 138.35
32 445.90
76 962.65
75 941.33
74 247.13
64 136.43
70 477.33
44 240.71
69 353.67
60 367.12
9 795.81
18 606.89
100 111.77
30 279.16
40 357.71
50 837.77
50 771.20
73 311.28
97 755.93
25 467.46
73 543.60
14 987.86
72 999.25
26 824.10
76 541.65
77 286.59
61 914.09
89 533.61
34 518.14
96 980.95
98 831.88
34 869.02
42 833.83
52 600.46
70 466.20
66 671.30
91 815.18
10 856.24
81 917.66
41 495.72
30 952.15
20 957.76
27 855.50
58 165.97
83 374.30
55 260.91
67 477.63
88 573.07
95 175.35
13 710.86
4 994.19
2 335.88
30 715.18
58 806.72
80 739.27
91 300.35
7 514.97
49 223.70
28 932.63
27 435.03
10 254.13
81 565.65
48 705.96
27 529.37
50 111.98
23 955.54
11 577.22
23 887.97
53 609.16
84 364.98
30 437.59
38 574.89
22 284.77
29 971.10
32 574.06
23 402.64
33 581.48
75 492.13
12 788.43
97 946.68
78 552.78
50 919.95
77 243.03
18 765.70
58 234.44
98 117.92
46 285.38
68 344.16
45 346.09
50 860.97
79 137.65
42 972.96
34 262.99
5 441.77
64 553.10
64 103.67
66 523.62
99 313.56
63 575.70
88 775.37
30 151.53
93 381.86
81 134.50
71 881.00
71 747.24
28 206.27
61 644.18
41 575.67
25 419.80
4 123.20
47 509.47
67 991.81
43 910.70
6 121.35
72 776.32
76 247.56
55 593.61
10 574.34
98 726.43
72 117.90
96 146.64
90 395.92
21 648.39
3 261.00
21 251.43
82 325.58
62 122.59
27 456.18
23 608.36
79 621.20
18 239.68
30 888.43
27 392.77
65 979.40
33 937.86
72 917.60
36 122.44
8 455.03
57 785.33
86 671.01
22 144.59
74 935.63
2 254.75
87 417.31
93 948.63
27 876.29
75 560.85
4 672.30
76 299.52
8 460.27
98 592.47
67 233.86
50 673.26
60 193.99
54 535.93
67 383.23
81 506.34
34 546.33
33 736.81
22 853.04
3 612.92
72 188.05
49 228.65
48 740.08
76 870.14
25 786.97
68 591.22
72 904.45
98 136.19
82 446.14
52 670.82
89 760.78
6 142.12
16 427.96
40 485.71
82 111.34
21 406.53
100 523.59
76 465.74
24 668.49
20 348.84
39 818.88
63 274.33
54 655.15
46 492.63
23 367.15
32 140.91
98 548.79
24 483.62
70 610.85
64 763.55
87 714.77
70 545.81
12 753.22
84 279.49
41 435.77
69 191.29
79 779.97
95 112.98
74 243.01
38 152.53
15 636.59
71 907.38
38 789.77
56 750.55
79 128.61
25 105.57
36 603.53
6 662.55
66 464.27
50 936.24
92 949.10
42 171.16
40 709.71
16 755.64
89 992.65
1 184.74
1 983.48
1 654.26
70 105.17
51 417.53
41 973.32
21 215.21
50 358.41
33 875.30
95 472.98
57 925.11
33 816.11
44 301.41
20 570.84
39 668.31
98 334.46
98 315.98
86 870.27
12 106.02
58 136.79
12 177.76
76 217.14
46 430.59
73 689.75
20 479.76
98 636.92
83 289.36
74 305.53
75 450.36
31 214.85
17 667.73
91 264.52
44 512.57
20 243.37
70 428.34
84 384.60
47 980.20
8 229.78
81 879.16
55 877.55
84 223.03
50 978.99
3 282.47
12 302.80
13 130.89
56 363.80
81 988.55
7 745.75
94 466.40
81 718.48
81 635.70
48 897.49
67 603.67
75 767.54
46 147.49
43 817.89
47 146.14
46 464.61
74 984.11
42 210.13
70 514.88
22 462.66
62 289.63
62 458.53
55 658.23
93 178.43
67 575.07
10 977.89
20 898.89
14 505.95
8 357.09
26 474.32
53 411.14
45 576.15
56 625.00
77 880.12
60 639.64
74 650.79
41 953.07
56 718.14
53 128.19
68 633.27
87 103.95
82 875.07
56 207.46
86 269.27
91 988.85
95 526.24
87 164.01
85 388.26
38 251.21
73 831.50
78 742.81
70 533.11
91 673.07
76 283.15
88 168.48
49 224.59
33 671.24
94 359.40
61 146.25
88 504.36
3 969.22
10 131.80
69 654.75
7 687.04
8 793.51
46 695.61
74 900.53
27 806.26
83 255.10
20 200.49
14 142.04
47 666.54
5 351.99
20 670.46
92 169.02
15 559.00
15 238.29
41 424.14
51 158.12
14 833.57
88 700.71
70 267.55
21 384.75
59 151.19
94 160.08
97 553.83
42 347.69
65 648.28
19 413.61
49 361.08
4 105.23
86 797.07
20 372.97
18 304.78
94 470.68
1 877.02
37 294.10
9 201.43
22 840.18
91 774.90
62 351.87
57 227.21
62 675.98
56 271.80
31 676.06
70 282.31
16 817.44
61 367.70
64 107.20
4 741.29
54 509.53
7 752.79
99 855.55
38 989.46
81 995.99
10 735.84
18 377.01
37 937.22
42 273.77
97 590.14
82 177.11
27 175.46
98 205.32
17 251.98
66 276.06
98 280.33
68 657.89
84 332.44
10 505.88
94 567.20
42 195.03
81 668.41
40 442.70
56 368.30
12 848.75
21 391.69
39 818.32
57 791.46
6 936.28
58 289.11
64 823.82
22 714.86
48 118.80
90 172.47
13 628.38
71 310.50
100 193.11
1 868.55
100 524.77
82 414.84
10 219.51
77 819.21
50 175.34
30 444.80
62 350.87
14 944.22
61 350.76
56 650.46
76 441.85
15 277.57
61 231.08
98 901.65
46 226.48
12 146.98
98 345.11
24 180.92
7 619.91
46 942.11
59 839.37
17 532.37
94 924.51
63 999.88
1 888.52
81 621.22
36 601.16
1 414.42
45 231.29
36 210.18
77 957.71
24 106.72
7 977.64
14 542.87
15 261.92
1 394.82
53 113.50
93 387.92
53 943.56
34 575.95
90 752.55
83 431.60
51 374.55
40 477.56
77 311.89
65 818.30
79 930.47
20 192.84
69 661.70
87 151.82
38 409.32
86 400.21
14 482.62
88 433.41
78 571.91
13 172.66
11 549.65
52 850.52
46 488.03
89 903.93
1 513.52
33 204.34
56 423.77
14 761.37
93 265.00
35 124.63
44 243.51
38 895.38
79 991.28
46 760.45
73 856.33
81 486.20
97 734.95
54 285.94
50 385.91
93 366.75
87 863.65
48 764.55
64 838.54
61 514.71
29 372.87
65 969.77
33 837.52
35 457.34
100 124.74
10 274.06
66 621.64
35 666.59
55 443.77
65 898.86
63 835.37
64 215.77
57 837.07
48 951.63
53 266.91
27 422.79
43 393.56
82 776.76
15 995.01
35 116.35
11 660.28
67 857.81
53 357.26
12 673.04
39 789.19
15 256.27
91 107.97
10 878.08
99 193.02
12 455.56
45 246.68
16 791.88
96 338.67
9 817.93
20 601.74
98 486.48
11 534.47
12 665.04
83 391.52
60 882.38
17 613.68
15 385.83
82 218.04
22 729.44
24 157.49
89 321.98
33 297.70
63 469.59
75 356.16
7 900.50
9 357.72
51 579.42
41 385.44
4 456.51
49 967.50
45 751.95
87 964.58
80 581.13
68 739.83
89 969.83
40 260.24
80 916.50
25 144.87
89 125.08
76 492.97
56 569.66
82 238.22
20 814.06
86 870.03
50 601.22
99 114.33
38 261.55
13 263.07
7 669.02
29 945.20
53 136.62
86 596.99
69 680.27
49 775.96
88 401.86
84 308.82
32 229.29
71 310.69
90 770.73
39 328.80
68 571.10
15 549.74
65 511.92
76 819.42
59 533.75
93 811.28
52 608.57
44 421.41
47 620.82
38 957.03
95 682.99
89 138.29
60 165.42
65 539.26
26 818.98
22 841.90
51 871.67
95 505.05
35 682.65
9 664.00
60 910.69
27 683.98
73 741.73
58 254.84
61 145.50
81 199.93
63 927.31
27 962.30
94 795.98
79 302.89
14 443.73
24 569.98
45 122.02
94 964.18
92 426.71
61 810.17
100 877.23
52 194.10
8 724.97
93 985.17
45 727.21
77 705.57
11 501.28
18 334.87
48 500.71
98 638.39
72 316.69
38 884.81
71 719.57
95 467.44
56 378.38
51 577.03
28 817.44
17 382.48
3 569.44
71 243.69
58 937.59
56 486.50
61 363.78
31 499.06
35 776.06
77 613.73
13 975.79
3 623.25
63 738.37
64 719.88
80 181.82
55 976.79
80 922.51
24 130.44
33 896.89
3 459.37
48 652.67
62 622.29
68 243.87
38 343.02
87 708.12
17 601.18
78 966.64
14 948.88
36 443.97
85 539.77
49 988.91
18 834.45
33 849.20
80 417.28
15 162.32
75 812.56
22 932.94
60 311.84
13 898.52
95 519.57
65 971.52
21 841.20
64 610.02
24 953.48
9 702.68
93 518.40
76 843.21
36 379.80
1 736.46
39 876.52
4 338.89
76 910.49
89 436.35
35 574.93
78 763.47
4 928.83
46 470.55
11 535.78
95 703.79
77 791.73
16 682.41
46 575.59
67 202.00
86 385.05
18 997.02
57 287.91
85 992.17
9 938.40
90 584.97
65 873.70
20 697.59
31 641.87
77 597.98
36 839.57
55 849.23
98 293.55
12 703.73
52 213.05
71 615.71
93 247.33
23 305.50
98 113.55
27 919.07
22 477.97
31 718.18
1 300.55
36 305.37
11 137.42
80 883.18
14 709.10
48 886.59
69 419.65
45 194.20
9 622.00
26 467.35
34 961.85
65 341.68
66 849.70
2 941.92
94 573.97
74 471.25
93 207.95
96 170.94
41 521.66
56 325.76
29 127.34
64 531.54
6 201.23
94 486.70
39 100.63
65 678.76
62 376.04
16 314.31
41 983.52
95 193.42
33 517.02
2 161.56
45 478.79
15 883.17
61 343.61
97 387.57
97 139.86
76 129.24
60 904.99
95 130.94
94 755.27
72 945.19
60 107.48
33 509.60
39 306.67
51 262.47
4 307.52
46 721.31
36 248.21
36 830.16
66 159.37
54 600.35
55 545.10
11 563.35
33 356.56
19 737.43
33 918.27
36 208.03
25 149.92
20 199.09
59 304.29
31 877.23
68 903.21
87 857.25
60 907.64
60 283.35
3 372.17
94 784.26
33 577.34
37 982.29
57 881.38
69 624.32
26 346.76
67 838.28
18 526.62
82 976.79
68 175.25
7 431.66
40 619.06
48 680.26
90 374.82
74 399.71
78 739.30
34 215.58
53 794.10
37 199.29
81 137.37
81 614.03
11 767.18
40 932.18
76 651.86
51 447.49
38 734.36
64 837.50
8 724.49
69 265.53
76 541.61
80 936.60
14 727.23
57 844.79
75 886.40
78 901.88
18 621.24
55 970.91
2 491.67
91 179.05
51 660.40
8 388.44
44 572.60
45 864.42
21 194.97
95 782.29
22 554.61
39 471.04
40 176.73
34 645.98
67 382.72
49 121.53
55 552.03
60 986.93
41 131.55
34 828.60
60 236.72
51 903.31
50 283.74
92 997.26
50 327.19
14 132.71
65 902.69
64 959.59
10 644.25
67 923.25
19 644.57
15 386.62
75 141.34
3 308.40
39 226.17
18 723.44
67 368.64
48 592.71
68 494.77
24 411.47
100 219.13
75 685.05
94 665.79
22 350.86
39 617.31
67 503.56
77 626.72
98 566.85
73 391.12
32 846.71
30 127.98
91 188.92
41 224.09
96 268.83
66 595.50
83 116.87
94 374.00
56 582.81
30 601.89
1 398.40
14 444.42
64 351.88
27 674.53
32 476.50
16 271.00
76 870.24
43 963.79
86 604.98
93 813.82
71 226.98
4 856.09
85 896.15
3 662.67
69 271.03
100 799.01
63 238.47
90 125.06
22 152.09
99 207.75
4 821.67
7 493.46
3 265.32
2 282.58
49 381.31
85 958.17
66 411.84
33 267.18
58 486.73
44 650.46
24 955.36
79 511.78
93 789.40
8 361.39
24 859.35
1 283.71
70 447.09
55 552.83
93 302.66
45 310.61
50 200.05
24 159.28
25 993.79
78 624.94
69 122.37
65 499.75
68 570.50
56 975.51
52 933.73
65 181.24
84 714.29
94 743.02
56 757.12
35 545.30
20 730.46
57 611.19
91 219.52
35 803.28
92 746.58
74 672.08
23 371.58
99 578.91
24 119.44
4 553.30
89 353.87
64 866.57
63 872.72
43 339.64
77 491.09
19 197.76
25 518.26
23 967.34
42 218.70
84 180.37
52 849.70
27 636.32
96 704.14
6 622.67
17 141.69
18 549.89
80 986.81
89 135.49
61 789.61
100 774.72
44 961.58
79 938.86
8 650.16
57 788.72
55 584.68
23 217.08
68 562.05
6 236.93
31 393.60
2 813.36
50 419.17
85 712.49
12 319.01
79 425.06
92 605.25
75 706.66
78 107.04
32 692.62
2 933.19
3 363.07
17 502.54
16 659.21
73 276.30
62 876.51
5 658.14
97 654.52
37 223.80
14 306.21
4 251.67
65 233.29
47 124.20
26 963.34
78 264.53
58 438.37
20 839.70
36 697.46
11 329.59
72 381.21
99 948.22
95 313.60
3 988.52
53 673.54
28 318.09
38 141.79
40 864.39
67 988.76
11 256.39
39 716.50
82 385.51
45 777.25
93 725.11
71 324.30
31 724.57
40 859.86
8 725.70
59 229.21
55 221.08
56 697.24
54 143.06
81 521.29
3 485.54
80 562.32
70 257.01
37 571.26
63 872.16
61 378.39
8 187.98
93 802.68
98 378.75
87 680.70
61 477.13
47 225.72
38 871.94
54 653.65
71 710.03
24 523.42
56 597.49
3 261.98
91 475.35
54 888.48
70 908.74
61 178.43
95 162.39
44 650.93
83 143.79
8 741.06
84 848.12
96 191.27
76 265.15
89 841.16
19 165.88
29 852.63
100 284.52
70 971.90
56 949.66
72 813.18
40 548.36
41 423.81
27 875.37
65 180.00
37 141.98
98 540.09
60 972.58
89 922.05
72 972.08
89 718.39
83 594.49
10 989.77
8 897.64
87 671.43
44 514.57
26 196.67
50 250.93
88 372.91
97 709.50
84 762.13
39 419.75
3 135.79
5 480.47
82 558.00
92 204.40
93 300.10
68 456.19
93 748.89
85 710.39
3 547.73
62 736.49
57 134.39
10 336.67
60 532.75
30 950.72
1 130.98
93 851.35
40 269.38
25 878.53
72 858.60
62 374.42
34 541.20
17 872.07
32 556.03
57 555.92
51 700.59
22 302.88
74 240.44
46 287.68
28 794.64
37 664.83
97 731.01
95 842.58
85 444.49
70 737.20
52 605.47
68 303.11
96 684.12
43 487.62
50 622.14
14 776.35
19 124.05
63 165.84
89 442.64
50 537.58
40 540.91
25 319.94
55 771.33
74 403.70
65 276.44
63 834.47
48 119.25
15 390.01
18 793.27
52 566.88
9 634.59
19 261.07
44 843.66
8 472.36
53 760.19
23 761.34
77 900.91
86 445.57
18 195.17
51 934.01
18 892.81
38 177.16
47 462.12
78 486.00
59 922.39
8 743.85
25 871.29
13 140.15
98 213.77
33 858.80
37 449.87
25 714.19
84 863.80
5 593.03
27 533.95
22 477.64
82 832.01
76 711.33
75 902.64
63 906.39
38 547.98
18 678.88
72 723.45
24 721.47
74 653.84
46 787.71
4 746.62
62 677.29
66 902.18
100 703.14
100 533.39
65 242.73
6 901.04
22 626.99
12 842.22
84 323.06
89 881.30
71 717.63
93 916.48
77 603.22
45 308.10
90 561.70
62 126.11
51 116.35
96 916.37
92 739.77
95 768.67
55 730.05
100 319.38
61 443.57
65 992.76
62 781.80
17 485.58
32 219.48
66 755.47
9 864.61
69 365.36
3 890.02
56 276.74
92 682.84
64 400.66
60 408.70
19 815.01
29 283.34
24 302.63
18 973.16
28 905.03
24 493.73
69 197.04
63 286.55
55 838.80
93 687.12
51 695.61
30 156.73
24 104.22
71 613.28
91 691.93
58 984.44
77 293.57
4 645.67
54 526.27
25 789.50
91 201.07
98 334.89
46 671.38
39 574.14
99 311.82
22 512.12
32 858.44
76 540.24
41 417.67
9 350.81
26 193.56
59 996.58
53 407.50
75 841.56
36 482.70
68 156.93
99 533.84
70 959.35
56 344.10
96 593.72
58 695.77
62 323.76
45 362.92
53 551.65
28 432.57
37 464.51
61 217.43
87 136.18
73 187.49
64 751.18
6 819.50
5 413.43
59 385.04
51 730.96
49 456.48
38 775.33
63 496.86
52 897.47
86 885.06
18 705.08
17 739.93
74 582.32
53 834.78
32 750.06
55 427.30
9 561.69
94 378.90
80 553.27
14 866.50
96 243.18
97 858.22
53 785.61
29 368.20
29 801.80
18 978.83
48 648.16
13 786.60
40 934.40
50 597.19
81 436.67
39 406.78
8 179.21
11 178.12
85 623.40
99 984.52
92 698.58
10 143.56
12 471.93
60 469.53
80 285.64
18 876.33
91 463.96
39 536.26
79 870.01
99 920.49
94 391.27
90 981.60
84 756.58
52 316.43
21 271.40
80 228.33
14 131.86
67 384.86
69 711.21
32 479.73
37 251.97
96 969.25
25 292.03
46 407.02
47 973.48
6 749.56
26 405.70
75 534.36
41 162.00
38 425.58
86 755.82
13 212.00
89 861.77
12 368.38
76 431.59
4 306.38
48 237.14
2 833.89
83 753.09
21 718.65
22 547.46
28 486.37
56 465.91
90 633.67
65 997.74
78 373.83
61 584.03
82 310.28
58 559.28
87 640.38
18 409.08
14 523.18
14 883.80
73 915.58
14 338.02
15 770.92
6 796.39
79 683.45
7 982.94
73 898.47
85 326.83
86 201.96
25 318.64
32 876.66
18 403.75
82 505.06
58 148.82
98 211.73
47 569.40
4 398.05
67 837.32
84 723.48
74 177.38
32 724.17
91 256.21
7 270.01
34 554.28
5 581.79
74 718.52
77 484.03
27 156.96
85 726.97
87 731.39
10 112.15
56 695.68
24 504.79
17 284.89
90 478.53
13 191.79
42 257.97
98 633.05
50 844.25
53 316.82
55 997.87
10 580.69
50 431.63
81 715.96
7 428.97
68 902.82
14 960.25
94 121.41
88 217.36
11 464.46
98 235.93
11 666.71
51 909.52
55 628.99
59 664.12
75 327.30
50 288.06
40 647.35
36 562.86
61 596.94
74 303.26
59 683.73
62 743.29
75 447.75
74 237.02
71 678.95
66 753.83
33 101.01
44 146.17
16 258.58
44 337.82
75 666.27
13 360.96
70 185.98
33 432.78
40 714.47
92 701.11
6 557.19
87 330.44
10 511.88
99 708.05
39 845.49
97 718.61
81 162.60
21 897.42
10 288.41
65 861.20
59 327.72
73 116.17
41 921.15
72 922.58
38 766.50
21 524.97
77 642.99
87 659.16
100 217.62
51 566.08
15 825.79
39 446.20
51 108.15
26 845.14
22 326.43
5 430.01
41 867.97
48 191.36
23 558.55
22 406.38
89 783.27
65 913.74
74 376.05
26 546.91
45 966.20
21 710.60
55 985.66
94 699.09
66 843.84
34 611.33
9 178.35
73 264.94
76 638.54
23 194.28
17 163.30
86 655.69
72 304.29
56 381.66
57 908.20
68 202.93
99 891.21
75 786.04
62 848.85
53 694.66
93 952.80
8 216.55
53 926.73
48 348.95
96 410.14
18 516.04
96 723.65
56 396.75
13 160.30
12 723.73
9 521.18
82 209.46
77 403.40
22 193.13
56 973.43
72 672.00
25 614.38
31 225.02
10 401.98
28 648.25
9 353.76
53 625.21
52 580.30
10 169.66
21 339.24
41 663.15
27 557.73
21 826.67
77 566.49
80 635.10
42 811.33
80 642.54
97 239.73
71 605.09
45 867.35
87 323.24
95 284.84
42 562.49
82 540.69
17 114.00
48 938.38
66 560.90
81 622.10
77 165.99
78 975.48
79 832.94
13 235.97
35 470.72
11 292.84
46 547.03
70 251.70
12 649.49
2 373.68
35 318.00
19 669.99
49 203.14
42 307.19
26 950.15
98 445.26
82 465.91
91 173.40
2 535.29
9 259.38
35 418.18
85 289.93
63 302.97
81 953.08
65 717.67
91 690.07
68 131.54
16 618.79
64 889.27
9 574.50
75 507.80
18 119.17
88 943.83
49 154.37
15 148.96
63 726.12
34 413.97
20 849.17
33 299.84
75 838.92
25 842.30
19 723.83
92 965.67
61 758.96
32 960.92
