10000 10000
12 748.81
27 137.37
89 123.19
34 853.54
82 830.85
50 953.43
89 982.58
80 994.91
48 633.84
38 358.53
94 373.58
18 460.22
73 200.48
70 711.09
91 280.90
25 884.20
60 488.32
54 771.79
48 825.04
47 458.75
81 725.33
93 187.60
5 496.75
90 117.09
94 888.09
31 532.31
58 940.01
25 554.51
23 726.11
61 649.84
73 939.35
7 418.71
16 582.27
21 174.59
54 220.66
73 256.41
7 997.02
54 672.93
34 914.30
69 625.20
16 277.56
11 466.33
88 279.81
10 303.79
80 215.87
27 117.89
30 502.32
68 738.49
6 474.22
92 692.19
4 220.57
81 330.92
49 735.60
35 323.75
22 340.28
85 380.24
38 667.90
84 393.87
22 354.97
37 744.06
79 516.83
54 365.89
39 317.95
57 753.74
99 618.56
15 637.50
16 404.21
11 732.81
48 477.42
26 526.80
36 310.06
60 540.06
56 255.03
64 623.91
40 592.50
9 723.34
86 156.18
53 855.50
63 429.05
14 591.10
4 432.64
25 179.34
100 897.99
10 675.94
97 777.55
25 561.62
3 811.97
5 942.37
78 161.08
97 958.96
4 775.88
50 692.90
25 418.64
7 461.98
20 263.88
73 504.42
40 427.56
41 270.91
23 234.85
82 151.90
82 133.57
69 474.92
6 172.65
62 288.61
73 108.48
66 982.78
97 992.95
85 752.98
45 674.12
44 756.60
61 948.45
3 333.78
54 291.34
41 450.24
64 340.63
87 342.20
66 301.77
27 989.98
81 620.40
22 138.02
99 421.41
86 579.69
36 782.40
87 753.05
85 602.81
59 778.94
13 797.78
79 645.25
64 716.63
57 366.27
42 693.94
46 183.23
44 169.19
73 509.94
28 749.80
91 289.32
58 837.99
40 889.58
16 554.45
85 370.51
92 179.88
21 638.31
6 965.13
62 554.68
7 251.63
100 231.31
51 823.90
92 870.99
53 762.38
72 319.11
20 312.57
28 856.50
36 512.78
37 319.88
30 525.10
56 663.12
73 193.99
78 302.42
69 613.81
73 624.56
50 419.55
6 366.95
78 159.66
44 166.11
79 466.14
75 663.44
81 552.15
56 577.15
15 119.70
76 101.69
44 988.91
45 946.76
67 825.29
1 500.74
45 872.19
60 727.77
41 771.34
37 624.02
24 270.76
4 683.17
48 905.66
93 800.91
84 444.91
44 926.23
75 789.31
58 203.02
24 953.71
7 547.69
75 366.47
95 595.56
34 995.15
42 532.56
97 493.14
41 353.88
17 932.38
47 592.38
63 129.43
23 685.26
23 256.85
16 646.32
41 537.06
52 839.67
18 370.96
61 643.51
74 475.12
88 790.01
62 542.32
80 760.09
31 735.21
31 123.00
83 649.68
44 249.13
65 526.91
48 617.56
40 906.74
34 614.26
70 302.08
39 180.49
85 964.88
56 921.37
59 943.31
94 165.06
40 505.09
51 146.96
55 665.04
18 357.24
15 751.98
79 552.87
13 526.31
20 321.85
71 631.04
82 708.16
69 869.61
80 676.51
63 213.89
59 304.31
88 697.44
87 601.17
56 256.46
74 958.76
32 938.35
4 244.35
30 600.44
4 341.71
19 747.63
92 592.41
85 252.05
20 971.70
82 909.46
17 402.24
19 221.50
93 359.28
88 327.88
2 278.28
94 441.91
41 731.29
17 397.15
14 551.66
79 856.47
77 580.97
8 340.06
87 929.07
21 972.54
22 471.41
24 215.81
38 929.44
54 641.79
58 519.39
51 941.53
7 551.60
77 650.56
19 256.91
79 705.62
77 415.47
63 500.45
30 751.08
83 818.45
52 724.70
95 567.03
97 152.40
96 929.89
53 512.80
13 785.70
92 106.09
99 618.04
61 456.76
31 153.16
81 321.76
74 110.96
90 866.31
8 140.10
18 139.53
21 229.16
58 147.59
69 233.21
46 315.45
24 377.81
84 737.85
60 820.14
73 734.74
100 604.45
81 662.60
70 948.83
20 158.33
31 403.37
73 876.02
76 992.82
5 777.05
43 791.97
71 732.26
66 466.35
44 828.38
54 591.14
82 656.10
37 665.12
12 348.58
40 360.38
61 612.39
32 744.48
8 537.21
8 228.90
49 683.56
98 737.36
42 883.37
76 856.94
36 578.05
17 225.32
70 183.64
42 171.24
80 941.84
79 467.44
5 374.67
23 693.21
51 807.33
28 210.71
36 388.23
41 115.58
91 576.66
17 425.32
85 510.62
100 227.47
97 630.22
64 960.44
55 890.70
38 545.34
84 373.68
4 380.70
55 443.88
70 449.05
47 214.31
5 604.59
12 826.63
58 919.90
69 128.54
59 668.45
23 442.64
59 170.52
61 551.38
19 482.67
98 450.37
88 819.38
89 449.71
33 761.02
93 146.08
51 607.29
38 467.81
71 446.02
97 346.04
33 826.57
80 316.20
86 467.45
21 691.43
30 534.22
57 639.55
47 193.60
29 708.50
24 544.98
44 854.85
81 206.21
57 438.14
8 178.97
35 836.38
54 521.05
66 147.22
35 523.92
67 159.52
80 824.76
26 562.40
30 842.93
26 509.75
82 157.62
46 780.05
69 221.38
17 287.61
69 285.06
94 398.28
15 171.95
89 985.42
66 258.62
63 784.99
23 658.18
13 491.50
36 301.58
54 687.59
20 879.13
74 565.12
92 344.09
79 743.44
65 180.13
22 169.25
82 809.54
72 425.17
12 468.77
31 740.85
71 986.36
96 864.58
44 597.67
50 713.03
96 771.19
43 573.97
60 504.27
87 259.54
48 251.45
100 215.91
20 865.92
70 727.02
94 463.75
41 252.36
27 186.47
46 469.59
78 409.84
67 104.81
7 976.18
75 944.05
57 452.99
92 156.19
55 476.06
98 410.08
92 811.10
2 229.64
27 239.13
22 860.41
21 470.48
71 609.81
6 900.92
34 663.05
51 701.17
89 979.04
36 328.60
42 318.83
38 297.32
66 979.06
70 981.25
82 820.75
35 816.82
37 893.96
55 498.07
35 892.17
19 968.12
52 689.76
69 217.31
4 158.06
68 735.59
72 120.49
55 514.18
21 555.81
96 817.83
25 736.11
51 242.98
83 434.86
30 107.12
58 799.30
97 779.69
86 343.04
67 455.85
93 177.52
35 802.96
80 684.22
65 857.05
2 944.56
82 696.21
74 653.99
34 353.96
12 688.42
64 966.83
52 128.38
50 237.44
88 434.41
47 929.06
77 705.49
34 392.19
16 435.58
69 359.62
26 789.42
88 799.88
86 123.79
65 618.15
58 999.75
94 866.78
64 299.76
12 126.73
40 807.16
29 654.47
95 185.81
57 226.76
42 744.56
94 565.47
78 125.51
79 249.67
63 319.60
61 190.23
18 852.38
87 960.03
91 688.72
84 224.93
45 708.65
1 178.01
26 673.12
29 332.57
21 164.59
84 522.65
87 880.66
43 205.66
79 714.18
60 586.49
68 817.07
6 390.99
93 935.84
82 331.13
71 506.79
72 718.82
40 487.83
10 232.08
51 765.23
53 952.00
36 687.48
89 531.92
12 344.87
28 957.57
51 317.05
89 546.03
72 879.38
30 375.46
47 880.10
68 737.24
57 669.50
28 843.53
94 234.71
30 483.95
22 971.80
83 896.32
35 397.86
29 930.32
23 637.39
91 715.05
93 905.43
30 212.15
45 871.35
66 699.07
85 265.97
67 848.16
31 562.08
70 507.02
61 301.75
41 324.83
40 173.71
64 301.46
20 480.76
66 523.76
62 239.29
23 772.89
3 235.11
54 725.67
64 664.97
54 118.96
62 344.78
88 920.32
81 733.94
45 491.31
7 798.50
45 567.11
50 920.02
42 244.36
85 252.52
49 348.12
45 515.13
97 176.28
58 165.67
9 585.87
85 279.38
69 129.61
44 216.22
18 835.85
14 737.11
22 116.91
8 469.24
53 395.51
65 433.14
19 450.07
77 613.87
29 206.57
60 311.24
75 822.99
90 163.33
98 495.00
29 102.42
14 248.91
53 533.22
13 587.87
17 711.40
38 977.75
79 181.91
43 771.99
46 489.96
76 896.00
93 925.71
17 272.93
97 512.69
4 756.04
71 739.07
49 918.36
98 804.22
24 714.20
22 200.92
69 989.87
95 629.74
90 256.89
85 775.28
1 458.88
73 414.66
69 569.27
81 727.12
98 964.44
69 652.67
82 369.46
77 924.20
96 779.15
73 726.47
26 263.42
48 550.12
100 369.59
23 866.83
53 349.02
88 814.04
44 290.92
66 237.69
53 808.46
100 585.04
25 323.12
16 358.08
31 312.31
46 153.28
51 621.17
46 693.13
67 362.19
51 600.37
81 261.85
71 480.09
96 868.05
80 426.98
94 108.81
57 607.41
6 848.50
81 186.72
37 309.75
57 709.37
77 358.82
15 194.89
10 562.25
56 926.84
71 652.04
60 350.10
79 109.60
79 839.49
89 683.43
13 277.46
69 674.32
43 617.46
14 927.49
66 525.76
39 942.94
26 992.99
73 388.93
38 718.26
21 219.76
39 151.58
29 404.40
98 828.31
78 219.25
11 531.34
16 481.70
83 634.48
22 281.75
37 141.57
21 994.38
3 963.58
10 298.90
62 649.26
2 649.07
98 821.36
11 683.79
7 654.27
6 699.77
32 773.69
71 238.54
56 876.86
44 254.56
16 790.40
63 652.83
23 422.54
49 652.66
90 304.10
84 574.53
18 401.35
13 495.80
85 625.17
2 745.08
88 964.61
99 284.10
21 252.71
37 742.07
75 877.62
29 814.06
93 312.96
95 737.85
44 792.74
5 617.52
20 915.00
85 855.59
36 583.41
49 837.41
18 697.80
24 831.11
58 255.25
45 515.36
12 354.47
35 765.98
98 162.36
7 264.74
95 498.45
2 172.62
19 782.55
65 918.78
30 277.35
4 595.64
50 199.22
74 164.78
46 344.97
47 906.37
93 189.36
95 441.62
79 431.26
64 979.76
34 554.79
96 352.44
8 456.20
78 668.41
57 651.25
19 973.65
80 214.22
72 944.95
31 266.73
76 457.50
27 792.25
13 121.29
32 182.87
72 423.67
85 516.45
80 921.37
45 162.94
9 751.45
97 835.43
21 406.40
65 611.09
42 221.72
89 546.60
59 714.15
89 892.56
54 120.22
89 703.92
2 529.81
20 389.71
23 691.54
65 650.72
9 243.74
63 386.87
81 838.83
52 476.75
22 520.94
54 111.11
74 557.42
14 722.04
36 592.37
85 716.07
5 685.51
80 768.98
31 411.02
33 135.22
28 260.02
5 482.13
33 269.52
44 172.39
7 908.10
19 559.60
90 187.07
67 624.03
26 259.14
69 843.36
87 824.96
41 982.65
31 826.76
15 594.00
53 893.10
32 870.64
76 449.76
50 197.63
9 790.41
76 611.12
76 107.67
86 437.57
8 555.42
74 375.66
84 849.21
40 490.01
69 467.51
42 312.85
2 614.61
80 796.58
16 902.92
83 745.24
69 827.87
100 796.59
7 777.92
90 882.03
44 997.37
18 753.71
53 212.90
25 368.48
72 573.33
15 459.22
52 106.91
9 867.46
55 499.73
54 755.15
85 591.28
55 275.62
71 527.49
53 168.76
48 249.56
48 733.59
78 104.87
88 689.25
24 286.66
68 524.69
80 681.08
31 148.98
94 205.45
24 565.93
63 359.01
31 463.76
24 941.79
65 446.01
39 890.01
6 461.90
92 643.09
73 915.92
50 449.46
29 383.47
54 476.92
10 964.13
39 760.52
4 136.17
22 927.81
94 991.51
30 267.29
67 381.12
19 621.29
1 376.24
84 328.67
45 954.08
13 267.82
64 505.75
73 650.56
42 749.71
14 986.93
67 582.72
91 283.89
43 931.50
92 509.72
89 925.55
96 172.52
33 574.34
56 463.43
46 734.62
87 760.64
86 258.92
40 930.47
93 107.61
40 465.52
4 100.75
68 490.53
20 272.51
60 546.11
10 739.08
45 135.83
94 622.06
97 410.14
9 780.58
9 714.15
7 287.79
19 930.67
61 181.58
98 722.58
18 899.67
88 705.58
94 501.44
75 171.82
91 803.60
53 599.12
53 552.17
60 155.88
87 538.16
61 555.14
65 442.00
82 539.99
37 218.87
85 174.23
36 833.13
71 253.54
49 920.55
71 928.94
52 399.81
22 994.86
75 743.25
32 359.13
95 598.33
29 695.28
97 963.86
48 982.47
28 469.20
64 313.20
41 258.54
8 725.64
87 542.35
12 314.17
84 934.43
77 264.67
20 197.50
37 884.74
51 920.97
89 253.16
93 430.70
72 634.44
76 825.96
17 536.42
15 600.71
10 929.39
100 375.94
77 692.58
18 131.95
40 518.25
30 508.32
56 621.77
85 124.75
92 784.53
97 859.47
66 793.58
40 956.38
81 978.90
99 257.05
63 393.26
60 679.44
52 222.01
14 751.57
49 490.47
44 304.18
13 684.01
65 913.68
45 470.03
23 834.45
94 123.61
38 118.90
68 407.31
35 308.67
8 271.42
26 152.58
29 717.99
27 333.28
89 902.01
70 131.91
57 887.58
97 864.46
81 808.32
8 214.15
17 101.83
59 465.92
68 197.96
58 404.09
4 258.11
87 557.01
16 116.01
86 215.42
52 995.46
47 405.44
70 614.96
6 402.19
64 533.48
1 831.10
82 879.12
13 565.62
73 924.60
91 129.52
12 912.12
30 666.52
3 324.72
40 205.35
64 837.33
95 881.30
54 960.08
93 130.06
71 918.83
98 408.73
17 965.12
58 808.22
85 865.43
10 903.80
8 647.14
38 563.95
75 359.80
62 746.81
88 858.94
12 820.39
45 862.28
17 398.67
88 791.98
50 326.14
4 786.79
38 975.47
37 128.19
38 773.30
29 504.28
67 295.32
57 150.29
54 730.44
59 751.84
43 951.63
19 894.01
43 583.38
91 981.77
78 389.20
64 254.16
86 348.12
16 207.64
32 624.30
56 563.68
71 800.37
60 707.38
21 688.04
94 765.70
15 485.62
54 872.40
15 230.34
9 886.22
75 565.03
83 841.06
12 491.33
64 497.90
26 208.48
17 609.40
8 183.19
42 889.10
39 316.10
89 928.59
79 852.20
61 151.00
35 220.42
62 582.52
41 303.39
88 648.75
66 129.85
6 262.97
46 436.33
25 665.16
96 445.81
38 132.51
85 581.16
99 107.85
63 819.11
58 344.54
28 608.87
96 115.89
43 281.76
28 317.07
74 585.90
76 426.34
4 917.74
25 666.15
35 521.00
47 447.48
28 217.07
65 157.55
87 290.38
58 565.62
40 742.76
30 435.58
65 276.85
91 983.62
100 281.32
60 829.05
3 640.57
65 381.96
42 218.23
52 269.34
56 904.65
21 597.62
66 870.30
62 785.29
72 177.52
61 256.80
31 711.13
6 295.82
15 266.68
14 778.39
99 260.65
95 364.06
16 167.58
70 272.54
79 256.96
21 439.87
86 658.17
78 115.97
19 983.84
56 664.81
23 930.89
9 116.23
18 901.12
80 125.36
17 265.95
73 695.88
38 655.63
29 379.02
89 399.68
73 862.95
78 418.37
87 875.84
34 975.63
17 589.11
71 401.39
53 957.60
88 127.10
14 910.28
74 730.86
8 547.06
13 834.84
92 342.92
54 116.31
45 306.87
91 307.66
60 946.29
63 570.31
52 708.34
61 826.14
94 276.01
57 421.85
1 354.03
93 302.64
7 674.64
81 196.18
90 654.16
75 262.37
30 733.17
25 912.18
91 258.24
59 274.31
3 619.53
64 628.88
61 170.22
81 354.45
61 331.88
4 247.69
60 902.02
89 263.76
19 724.62
46 627.28
2 824.06
53 624.36
72 259.15
3 551.41
32 271.48
54 159.31
61 619.80
61 510.08
74 473.06
59 298.34
14 968.85
67 744.96
4 540.16
40 949.17
47 529.12
79 603.58
81 310.08
9 832.80
10 996.77
83 736.75
54 983.25
28 115.09
32 464.19
30 857.08
87 960.05
95 632.36
98 790.02
73 505.29
67 853.46
5 572.82
42 449.92
46 269.74
16 769.05
87 900.02
41 405.33
42 518.93
67 342.50
40 408.34
26 231.58
34 794.93
97 641.78
100 377.11
25 373.12
40 939.00
10 601.45
46 625.05
8 894.05
94 551.68
73 967.17
43 369.24
24 752.40
53 921.93
83 864.59
28 878.06
27 263.76
26 870.85
67 919.31
39 102.32
35 924.46
83 291.66
98 260.21
77 814.15
50 686.21
31 527.57
54 473.65
29 640.96
58 998.67
66 724.40
52 529.72
49 923.75
74 822.37
100 824.08
77 413.97
69 285.98
91 465.31
68 865.85
21 407.37
100 727.61
58 170.56
23 294.92
73 394.42
78 847.04
53 159.67
21 656.66
61 224.18
7 325.75
7 709.96
61 780.43
24 190.69
34 374.65
83 134.20
82 390.63
62 793.45
98 646.15
57 704.74
83 693.30
88 892.57
42 130.72
49 877.93
19 997.88
10 780.01
11 125.09
78 736.98
5 496.81
18 101.41
85 707.79
69 496.50
68 927.30
90 121.30
48 555.72
20 820.98
13 846.39
43 473.47
81 234.11
28 965.67
4 766.72
64 743.65
6 391.03
2 891.27
31 190.78
61 388.69
64 808.35
89 909.76
26 497.65
56 506.87
52 549.46
18 449.67
40 185.27
94 400.50
41 754.25
65 672.99
43 998.40
21 896.26
51 677.25
52 355.59
45 598.84
22 323.03
28 608.08
14 456.86
83 527.16
34 322.66
20 775.04
72 621.43
28 833.13
99 962.21
56 374.99
36 502.38
71 503.96
64 100.63
12 550.91
61 696.19
89 320.90
47 216.77
67 290.73
87 631.50
9 566.11
46 252.53
66 535.42
91 212.88
74 667.63
93 692.28
56 967.63
69 131.22
78 584.24
91 738.41
88 205.10
15 827.46
87 138.53
11 459.83
3 771.24
40 767.39
77 126.48
68 551.02
17 535.20
46 622.44
78 617.16
93 804.80
43 620.02
79 268.10
61 793.01
62 646.08
98 374.66
22 150.77
41 632.69
57 199.84
54 890.38
31 178.64
20 365.36
45 751.15
58 215.54
66 951.89
10 609.78
43 518.18
33 340.75
90 754.29
53 801.96
10 185.66
81 167.86
27 671.66
85 721.31
50 187.64
45 778.99
78 509.68
49 190.58
89 366.08
76 729.27
70 975.68
75 433.33
3 776.13
47 280.26
95 667.44
1 561.38
11 561.40
94 592.50
66 448.80
20 535.78
43 433.05
98 826.32
60 292.22
15 550.51
42 144.59
70 437.99
18 715.78
96 504.71
73 117.16
47 756.78
96 675.81
58 176.42
76 574.77
30 155.13
17 509.02
1 962.66
47 887.69
100 919.87
39 505.54
65 443.74
99 576.31
60 304.49
22 735.56
39 169.78
52 107.14
24 989.77
65 417.15
18 418.38
99 145.32
85 984.72
39 197.57
40 706.35
27 754.36
30 632.92
78 356.64
10 547.91
8 220.97
34 237.40
21 682.34
51 640.73
54 403.93
16 722.79
82 445.27
48 604.12
76 348.48
9 414.23
41 164.57
76 603.56
35 206.73
34 307.39
55 123.94
20 579.02
50 704.73
73 237.54
74 859.22
8 937.16
43 636.73
78 382.27
63 472.47
36 553.07
37 143.29
30 552.40
62 783.82
92 813.58
57 902.02
52 949.87
54 333.35
67 506.75
46 343.42
22 807.38
49 998.17
81 436.72
97 490.48
41 111.66
89 679.98
18 355.32
30 522.32
84 447.04
10 503.21
95 367.50
32 768.57
32 592.50
72 758.92
28 923.02
50 670.33
58 631.65
81 192.06
3 204.05
35 839.85
49 352.38
98 229.50
53 669.98
68 167.78
27 461.77
20 458.73
2 339.28
42 803.54
39 448.70
20 160.86
57 330.14
88 158.89
29 270.28
33 166.77
100 419.88
67 344.58
85 160.08
26 245.37
84 643.46
14 624.05
71 713.85
62 551.48
30 439.53
95 650.82
82 310.30
2 340.67
51 740.12
55 870.36
12 291.90
64 837.25
2 314.61
51 869.37
12 757.64
6 901.19
23 939.50
50 147.59
70 808.62
78 262.02
41 553.41
78 833.63
97 161.45
13 731.10
95 463.96
60 106.40
36 668.31
12 811.09
86 853.74
36 137.93
2 635.69
47 482.15
7 731.89
27 263.85
8 269.86
35 453.66
85 979.49
27 326.42
3 307.23
14 246.13
50 350.39
19 911.92
81 335.19
98 118.01
93 682.63
8 267.96
60 742.66
6 419.80
11 780.23
43 882.36
34 992.74
73 152.96
67 568.87
59 487.72
6 540.02
64 397.93
89 379.81
1 341.06
59 398.75
68 575.70
41 160.85
93 325.28
25 369.62
23 538.15
2 339.20
3 659.14
46 430.78
52 342.61
38 325.67
98 632.01
55 393.25
90 541.07
82 545.10
54 152.87
15 304.07
2 904.38
79 175.91
89 187.31
81 229.00
7 194.62
41 713.78
9 129.44
30 903.35
30 255.40
82 126.21
14 890.23
17 534.51
13 158.28
77 382.69
25 945.56
1 690.29
17 891.44
36 807.14
55 602.64
15 587.65
48 558.54
38 902.27
68 171.18
33 648.71
43 723.50
30 531.72
56 392.84
19 283.26
41 694.61
23 169.61
10 721.53
38 599.85
4 855.30
71 146.29
65 400.60
33 151.68
55 580.03
49 990.88
64 156.12
4 866.12
46 751.36
53 885.44
30 341.08
26 829.28
57 803.55
1 125.13
77 261.22
95 180.24
75 794.51
26 904.46
59 549.81
14 326.94
28 371.20
91 982.95
92 136.07
3 434.49
22 512.05
27 681.49
76 753.93
78 121.19
44 406.81
89 532.13
34 532.83
19 393.22
95 618.14
68 407.40
80 576.15
40 175.28
84 856.19
89 102.78
91 921.80
28 648.76
100 579.49
68 721.33
5 222.15
95 271.63
19 112.05
94 441.72
67 537.19
16 917.53
99 713.44
100 679.86
76 704.09
4 504.92
60 806.50
59 177.96
59 425.85
24 361.47
34 682.53
15 484.29
46 614.83
24 620.40
3 378.60
67 408.20
8 451.57
80 732.11
7 257.53
69 738.99
18 562.81
61 744.71
10 776.88
28 248.16
68 842.17
79 555.40
30 555.53
40 222.31
71 965.63
97 554.22
54 622.08
85 275.09
14 834.55
65 478.83
53 569.39
49 630.47
92 254.52
63 904.33
58 922.55
92 244.41
74 991.91
13 230.05
79 270.15
70 782.25
41 507.60
82 946.45
87 833.84
64 800.37
46 801.83
27 182.12
68 849.02
49 573.60
58 782.28
8 392.56
37 383.82
84 233.67
92 314.86
14 847.00
23 248.69
65 612.63
95 276.99
58 935.94
17 543.95
36 918.66
57 148.99
78 615.22
27 409.68
13 877.66
50 377.44
72 595.24
21 494.86
6 994.46
88 383.35
29 323.09
87 172.43
92 898.76
90 133.04
2 497.45
40 488.57
26 638.94
17 643.57
64 303.42
53 131.86
78 875.31
75 168.70
79 672.57
52 642.13
35 566.87
57 827.33
83 326.98
31 895.04
43 147.36
58 477.45
90 701.40
41 364.04
52 111.22
91 648.72
73 923.41
93 289.77
21 144.02
75 619.37
27 964.16
94 197.81
78 964.72
96 425.51
27 800.20
96 579.46
27 573.80
18 246.62
7 949.69
36 497.65
92 309.68
57 200.59
63 823.11
29 818.75
55 933.63
36 843.28
4 480.72
14 901.97
30 513.97
90 479.86
97 153.79
63 793.00
78 739.45
12 866.47
71 925.50
96 854.07
67 697.72
16 107.08
54 977.13
84 459.55
47 441.44
60 610.36
39 578.59
42 547.86
22 135.45
56 971.69
62 608.70
99 317.89
93 524.11
57 426.75
78 102.28
56 337.80
100 227.90
23 469.74
8 883.73
25 141.58
22 475.95
73 538.29
91 524.71
3 939.83
18 451.78
58 416.17
94 529.04
51 493.52
67 924.18
62 303.94
52 290.21
30 211.02
55 436.75
96 715.26
85 286.97
41 464.50
18 728.20
7 312.96
18 561.00
89 661.41
65 685.60
42 326.51
14 408.39
56 208.29
34 375.50
26 192.55
78 642.77
93 438.58
6 311.29
61 710.64
86 320.02
71 958.55
31 609.13
44 527.89
74 258.30
50 167.29
84 195.23
53 671.45
12 313.11
88 814.58
76 288.57
66 508.07
70 529.91
11 662.35
53 242.01
57 614.79
92 477.66
63 519.25
65 800.42
79 432.25
54 552.95
41 397.28
43 673.57
12 689.40
44 212.62
37 589.58
94 263.87
62 952.96
31 920.71
89 393.96
1 773.12
73 284.27
35 710.08
75 283.70
42 676.82
10 365.33
43 467.84
10 153.05
16 347.82
33 375.20
92 385.15
50 868.11
10 983.47
51 804.61
45 994.10
41 793.45
48 158.30
61 405.07
90 391.52
84 530.65
96 325.19
79 272.18
11 752.55
98 336.33
49 448.73
65 786.14
26 632.02
96 565.45
76 370.88
20 987.12
66 187.94
78 799.85
42 775.71
76 132.49
96 438.61
5 695.97
64 796.79
91 291.23
86 946.36
72 856.52
58 362.71
76 783.50
91 812.98
55 723.72
63 392.05
77 311.56
10 130.61
47 669.07
32 194.21
98 240.73
77 304.20
51 590.21
75 854.67
88 205.45
21 954.62
63 760.63
2 226.41
39 210.68
67 665.44
82 759.41
19 449.07
71 243.47
38 431.93
26 144.87
90 977.03
36 168.78
85 216.63
40 970.99
78 702.91
41 538.99
8 451.52
62 691.04
83 681.88
19 533.71
68 412.17
17 926.13
67 829.10
100 122.32
15 893.75
42 335.11
93 434.33
74 739.32
70 300.08
38 994.52
39 209.26
26 126.85
96 199.34
90 502.81
76 616.80
28 884.70
77 575.61
32 976.56
44 274.99
10 587.49
81 453.99
44 370.72
64 992.35
55 102.89
18 245.73
74 722.82
73 566.63
57 808.52
10 648.24
21 534.68
25 365.12
31 300.89
15 627.82
55 323.94
12 285.10
60 873.75
5 951.97
61 369.22
91 549.51
7 188.07
87 617.43
45 420.11
90 260.38
71 698.44
9 113.77
81 554.78
74 388.69
79 851.61
12 186.53
50 296.43
4 724.17
62 231.36
9 475.48
75 946.88
83 391.72
28 265.65
54 657.98
24 242.40
16 326.75
76 983.44
45 250.06
68 749.91
22 270.53
91 261.44
9 224.83
82 611.76
18 631.67
66 728.84
78 678.36
75 726.77
1 518.73
23 736.80
20 439.02
40 742.28
55 396.28
63 753.20
27 447.10
24 140.15
96 793.18
74 977.35
23 444.55
57 546.64
48 733.07
84 442.17
94 660.48
15 309.29
65 544.67
100 811.53
33 242.55
65 411.14
59 160.15
29 219.69
90 215.44
63 423.92
92 613.06
69 289.77
4 524.83
13 107.12
79 187.71
61 677.15
64 808.77
19 696.72
96 108.62
8 161.59
11 763.59
17 673.45
47 570.47
17 339.93
7 485.74
11 109.19
46 947.43
5 482.08
79 405.99
79 467.27
1 145.29
18 462.95
81 480.78
74 372.23
27 438.20
20 344.52
59 751.29
21 712.99
64 989.29
65 553.34
99 895.10
44 178.52
50 867.12
36 717.03
14 127.36
23 669.58
51 827.70
100 309.78
45 543.61
47 340.90
13 409.08
86 734.58
27 480.93
38 915.20
53 234.06
68 686.17
63 154.52
88 147.92
70 669.92
59 314.50
85 258.49
59 391.84
15 916.18
47 465.61
92 391.67
70 307.93
38 916.26
72 480.03
94 269.65
31 350.16
100 832.48
84 699.43
56 475.83
66 106.96
59 610.47
52 712.93
80 824.36
26 705.71
51 833.45
73 660.95
84 377.86
32 559.77
3 396.39
48 456.04
70 988.25
36 347.21
50 146.87
83 212.42
24 268.07
31 116.92
98 790.78
95 129.89
62 351.49
15 117.49
38 381.72
1 338.81
70 318.77
78 161.31
19 806.98
50 127.38
16 810.62
49 589.28
47 613.34
55 190.17
3 793.11
50 133.44
1 965.78
92 868.16
19 966.49
21 619.34
84 385.38
80 489.63
60 418.48
63 621.30
99 573.72
60 211.29
25 877.40
83 518.56
27 630.72
36 296.36
37 435.50
15 649.45
79 465.98
13 136.19
81 192.09
95 525.00
53 426.78
3 204.74
56 919.78
88 882.41
71 998.77
92 421.23
2 344.73
47 674.91
93 300.47
82 262.41
93 891.61
79 576.21
72 859.19
90 182.67
46 340.70
36 213.22
34 270.15
47 401.22
78 774.71
54 472.28
48 103.10
5 361.80
87 799.27
15 300.90
58 233.76
79 875.62
65 627.04
19 760.04
49 807.03
91 119.83
13 570.90
70 577.60
20 858.04
14 524.23
86 553.27
48 797.12
14 951.94
95 790.35
85 272.16
42 487.83
38 334.02
35 323.08
67 380.05
83 930.19
71 680.33
100 860.95
1 876.73
12 487.73
51 785.07
48 767.79
22 483.72
27 636.62
50 174.79
24 903.93
26 405.75
2 456.00
63 443.99
34 115.76
35 543.88
83 362.06
8 359.58
52 386.50
10 963.59
22 169.38
100 753.10
77 332.70
14 984.25
56 276.69
62 507.51
91 786.02
81 973.28
66 213.37
99 526.10
71 173.92
10 122.36
83 162.46
27 539.57
1 965.53
89 875.79
32 893.04
64 317.18
41 610.52
50 565.05
12 129.06
93 855.01
60 919.49
7 508.47
18 105.57
22 161.10
74 181.05
72 155.46
38 648.65
17 468.32
28 109.14
65 606.18
65 227.18
36 697.69
24 192.60
49 834.71
51 991.42
32 714.74
40 836.41
49 437.79
80 156.60
31 487.55
65 106.06
54 216.76
41 139.05
1 129.30
92 748.65
68 957.15
93 772.18
8 469.86
20 769.15
83 906.46
17 782.36
20 383.87
91 967.12
78 296.62
71 811.10
11 664.28
4 928.06
83 643.38
84 157.42
71 254.51
30 934.08
74 573.62
89 350.91
63 731.25
27 486.74
84 888.13
11 338.32
22 479.97
58 767.90
82 213.56
70 660.23
44 797.70
35 430.89
7 854.55
52 977.08
8 584.78
59 625.80
51 429.01
76 948.37
79 906.82
34 271.95
67 729.36
56 218.78
93 452.51
15 257.14
86 151.54
42 302.76
46 631.05
20 278.81
22 699.37
25 249.87
14 703.50
78 551.30
63 443.91
49 455.21
28 976.50
27 234.62
18 656.66
37 865.90
44 650.67
42 322.24
52 803.69
38 310.67
1 943.45
81 115.18
92 542.97
41 498.17
33 206.68
29 408.99
7 820.23
12 546.20
77 238.21
75 851.12
95 546.51
34 914.96
69 811.95
57 747.80
20 550.18
70 862.40
34 633.14
15 628.65
50 419.07
100 624.97
84 617.90
69 748.27
42 916.01
3 122.40
25 756.37
37 819.98
59 426.43
6 548.46
96 575.62
42 752.42
40 965.19
60 970.13
18 893.84
82 771.66
79 484.87
51 369.02
23 809.40
57 296.77
43 471.90
47 724.32
11 300.80
74 128.85
95 862.44
46 177.92
47 632.32
2 862.90
98 224.01
8 779.77
5 980.00
2 105.38
60 596.96
5 896.55
3 909.00
13 409.44
98 461.31
19 769.51
89 891.15
87 794.67
6 662.26
55 558.04
1 161.82
79 234.03
14 112.90
16 724.41
14 168.33
15 456.15
81 421.60
90 471.16
12 763.06
16 699.26
25 773.85
96 256.05
41 374.78
38 275.36
78 825.91
19 858.89
64 329.94
55 722.19
77 240.80
47 513.93
35 758.09
99 294.94
43 569.00
30 836.03
98 241.61
20 188.18
40 414.00
6 778.93
26 852.48
89 789.67
30 157.40
100 467.16
91 784.50
79 773.43
92 590.05
44 643.92
78 655.12
81 182.47
22 790.25
70 912.88
47 660.80
53 967.79
8 316.57
73 335.62
7 247.91
64 105.27
43 564.31
91 672.29
87 307.57
75 700.49
81 541.23
16 589.18
56 357.27
73 722.31
50 133.86
85 946.93
29 698.14
64 381.82
73 434.72
33 746.22
15 138.45
46 651.22
73 656.54
93 541.69
78 310.02
25 960.55
78 423.15
23 595.74
97 687.00
11 135.27
39 526.48
95 951.47
45 613.76
73 173.73
61 102.20
10 550.72
7 321.61
89 651.72
15 243.50
27 669.17
62 289.10
35 911.54
30 819.66
36 111.18
64 315.50
79 732.24
53 127.91
8 348.40
89 859.29
23 813.19
94 330.19
76 901.28
77 295.57
26 806.78
38 369.71
5 203.11
90 119.51
51 146.00
71 618.29
23 146.40
42 972.92
100 818.09
73 346.44
66 675.57
49 874.75
8 589.82
45 665.33
49 851.33
63 957.41
70 662.78
42 741.68
20 569.21
12 283.97
20 419.98
4 355.20
84 416.33
63 158.06
91 511.65
83 938.53
57 962.31
80 158.24
69 103.75
94 544.77
65 471.88
13 748.60
94 872.91
83 924.55
80 271.41
55 434.51
99 957.39
76 903.30
91 960.66
85 310.07
54 719.60
37 415.49
1 759.58
15 245.30
13 811.87
7 330.84
52 894.49
9 783.67
85 668.65
68 355.08
56 604.95
83 665.26
15 321.06
45 938.22
26 323.05
41 823.00
53 295.32
3 809.82
4 477.03
16 300.91
5 383.95
12 161.12
81 880.92
85 681.13
22 803.60
79 498.05
76 692.24
82 185.81
75 846.48
51 719.31
3 205.05
27 367.49
63 740.01
92 277.17
21 347.02
82 715.30
81 252.86
91 549.61
81 698.22
55 167.61
41 507.03
67 654.35
57 935.37
76 574.32
31 482.28
42 747.09
18 574.28
25 361.78
58 450.12
33 836.45
60 642.77
81 154.31
32 462.42
30 518.08
5 849.10
68 846.92
66 368.69
17 507.27
55 807.85
99 660.30
27 484.26
72 629.28
74 911.42
39 192.57
94 761.01
83 253.97
73 273.24
81 114.34
60 944.72
80 238.07
18 502.56
41 163.57
57 569.50
98 796.39
76 452.71
31 664.46
30 675.56
42 729.70
44 246.26
67 855.67
78 181.06
51 794.47
74 739.64
32 275.22
80 349.78
32 198.74
42 308.24
3 526.41
45 122.72
53 395.88
29 271.35
35 499.84
63 927.12
9 765.66
82 458.72
97 371.36
93 231.52
5 714.50
28 933.06
74 223.68
57 765.76
9 989.95
89 298.69
1 593.72
15 327.75
17 964.06
10 713.92
60 361.61
49 658.95
61 387.62
21 709.41
11 528.72
94 238.94
25 480.88
53 276.99
24 503.48
75 473.73
95 777.04
16 766.27
7 850.49
52 491.26
76 961.49
74 610.89
76 588.24
90 474.66
54 794.76
45 349.52
84 420.22
48 765.22
31 529.61
49 884.15
42 247.19
63 549.47
90 474.35
7 744.76
57 469.43
70 916.44
41 872.67
23 615.89
13 812.97
54 790.57
77 296.53
92 720.45
49 281.56
13 393.58
99 254.02
41 630.40
3 749.20
46 619.97
31 565.06
29 463.35
15 104.39
33 350.22
14 579.80
87 225.44
68 349.01
46 966.61
68 559.31
35 643.58
82 445.98
6 736.06
51 148.41
61 347.46
20 161.20
66 273.94
18 950.94
59 909.48
95 937.83
67 572.83
28 572.40
70 415.07
83 759.25
46 622.86
51 337.18
94 947.59
52 385.43
26 994.81
74 604.79
32 419.15
70 411.98
30 714.53
26 202.42
17 430.60
87 877.01
71 126.38
2 287.37
4 627.40
21 698.03
44 875.71
77 463.23
21 815.53
25 738.36
63 558.51
1 901.22
16 133.69
83 708.53
61 270.55
74 680.36
40 924.97
12 994.32
97 515.32
93 594.27
94 775.66
43 511.89
86 273.83
79 909.39
94 892.15
75 294.88
95 966.04
49 586.32
9 589.98
36 299.73
11 464.30
56 548.90
7 373.97
26 358.97
45 542.61
52 351.31
21 751.62
18 577.68
20 500.47
37 622.17
52 865.20
47 592.11
98 792.66
5 534.44
60 184.47
54 698.54
63 836.53
28 220.86
14 339.65
92 136.73
87 718.45
32 771.65
73 738.36
37 355.74
7 514.70
15 512.13
69 405.60
79 372.24
62 730.85
91 847.99
52 540.22
9 267.26
37 453.87
70 866.67
21 652.41
74 475.49
72 683.62
18 754.82
92 476.92
10 866.89
15 376.11
82 485.55
31 412.53
95 661.90
3 486.57
44 165.40
56 798.99
77 506.22
70 687.15
93 605.59
23 432.70
19 119.45
8 466.40
1 239.15
63 137.59
27 174.92
73 239.17
96 972.87
15 884.97
21 196.38
60 726.29
86 122.54
38 945.13
26 690.80
43 693.81
88 570.33
91 802.97
66 746.67
31 995.62
16 810.46
63 167.56
45 905.86
53 850.51
5 147.61
40 721.30
18 851.90
91 111.96
19 642.30
24 682.48
10 746.74
12 226.87
37 488.89
43 612.29
38 201.98
71 725.40
30 397.26
52 525.23
81 762.59
39 421.68
63 299.38
17 133.71
4 259.81
50 401.89
100 165.79
43 527.89
5 329.03
57 144.64
49 783.05
32 873.59
48 225.55
64 917.48
43 481.83
78 111.66
26 653.59
96 139.47
62 819.33
71 279.91
87 210.79
57 201.26
25 698.09
13 267.01
86 174.38
13 329.58
70 558.48
21 730.07
72 756.46
6 969.31
4 647.78
47 549.89
83 848.57
47 626.33
95 195.18
56 787.38
76 455.28
23 233.33
89 640.42
10 437.22
59 663.28
75 308.52
51 449.97
84 792.54
52 743.63
60 858.81
96 580.84
7 195.95
77 564.96
43 889.94
8 639.77
34 986.54
26 147.34
62 280.87
2 209.45
56 623.65
22 293.85
50 390.52
54 520.16
31 796.02
27 138.54
80 507.58
1 563.18
17 176.42
70 335.66
40 585.89
54 998.40
81 411.87
22 721.96
29 511.65
2 477.14
69 622.64
59 156.61
49 946.84
94 643.83
38 405.46
11 689.29
13 768.58
67 735.71
89 719.88
51 117.55
80 185.81
35 381.28
3 148.30
25 682.11
47 528.02
32 143.02
12 520.38
10 409.53
71 616.28
14 168.26
70 484.20
24 891.05
39 818.60
17 489.23
42 226.46
26 911.24
38 216.60
18 755.14
86 737.15
92 319.48
25 708.21
24 675.89
52 996.22
10 952.95
8 518.90
13 909.49
69 366.05
14 640.38
62 517.93
44 986.77
26 404.72
50 384.13
12 778.14
81 986.86
29 913.51
15 699.23
50 371.86
58 244.37
41 292.62
1 989.33
34 264.97
7 413.38
79 115.27
26 755.26
13 217.76
11 595.03
81 350.72
88 726.96
83 380.18
73 267.42
9 864.37
44 546.16
99 420.18
30 844.91
92 535.00
39 440.98
73 678.37
99 419.49
83 863.38
19 953.39
14 201.34
44 636.89
5 492.59
97 899.93
98 477.16
82 530.56
83 181.61
69 822.81
17 406.50
20 111.24
69 861.84
86 979.55
43 252.14
89 543.61
10 625.20
16 263.36
88 200.92
23 203.04
34 314.24
10 578.79
29 692.74
98 540.70
35 850.87
80 678.81
32 503.97
22 185.92
5 271.34
53 256.26
23 466.20
72 621.19
40 634.88
27 782.21
53 771.30
96 492.13
5 982.19
53 533.56
85 906.86
42 846.23
84 247.44
73 728.38
64 281.05
93 148.26
92 987.03
69 563.37
52 367.62
57 733.80
27 405.81
25 873.67
33 595.79
64 986.53
37 795.42
81 977.60
56 330.52
17 690.77
28 937.45
18 268.78
36 729.28
73 227.63
67 661.97
32 754.09
2 711.89
66 768.85
63 317.58
65 414.10
84 158.21
72 124.92
52 994.79
96 536.67
91 272.11
26 208.86
95 737.85
68 599.17
49 273.08
82 462.48
4 617.73
62 817.93
70 419.10
5 171.65
88 122.71
49 424.93
21 297.64
92 412.88
8 462.39
85 299.23
45 719.39
1 270.14
2 104.85
19 874.19
42 925.23
84 120.90
39 216.98
77 998.97
67 284.28
99 473.91
2 880.66
62 404.73
1 599.50
53 775.95
41 323.50
21 114.09
88 442.57
96 251.22
45 704.50
66 312.29
83 491.06
36 284.96
83 488.34
12 487.68
79 427.36
47 571.57
84 376.26
84 266.34
56 251.97
55 359.07
2 880.50
28 633.88
48 909.98
23 189.57
64 581.23
84 722.10
92 199.04
11 840.00
100 243.50
14 710.18
77 328.14
99 449.70
7 813.08
24 155.29
37 802.98
57 568.51
14 252.73
6 709.43
67 103.44
31 974.16
20 400.49
44 223.13
63 857.93
78 527.63
36 754.30
8 687.96
57 601.54
89 638.99
66 684.87
85 352.44
88 132.04
60 690.01
1 128.52
84 257.23
40 342.98
58 465.06
19 265.36
22 329.12
29 948.41
53 619.68
5 244.45
34 456.64
28 279.37
93 659.81
4 780.76
44 842.99
27 989.50
87 109.38
30 122.16
92 572.64
88 228.17
88 336.67
83 226.88
10 739.17
28 671.16
23 669.95
18 509.48
86 230.62
99 956.28
73 139.79
55 474.30
90 880.57
4 992.59
42 723.23
97 810.87
55 434.24
73 559.97
15 637.70
78 693.36
10 129.51
53 925.26
97 838.39
83 595.19
38 478.13
90 805.60
83 451.62
44 537.70
93 590.90
74 670.10
92 338.04
35 877.53
62 122.40
12 545.79
39 116.22
2 131.27
13 870.08
48 529.83
70 820.42
4 517.48
19 187.81
47 517.69
39 674.05
90 948.99
55 301.00
80 918.25
45 564.11
23 211.67
46 782.39
38 176.55
50 851.38
64 631.98
98 819.57
50 787.64
63 319.44
41 548.48
44 228.65
28 517.84
92 321.50
98 674.66
86 200.81
38 143.98
83 117.34
84 113.11
84 170.58
30 389.41
39 515.11
30 742.95
38 800.60
24 640.50
73 243.32
67 941.54
63 824.35
29 278.16
89 802.70
8 295.40
82 226.89
79 406.43
94 847.24
71 106.17
84 843.81
55 938.96
37 689.63
37 798.85
46 364.68
61 308.42
43 732.86
54 205.79
54 293.73
23 619.40
51 271.92
19 642.51
14 354.90
30 152.34
92 809.09
75 586.92
37 692.60
21 479.91
83 479.11
92 405.47
25 490.22
67 614.33
98 244.21
60 209.41
100 403.02
90 135.43
96 465.20
96 243.33
91 198.67
47 265.23
23 183.97
80 502.03
24 435.67
47 257.55
89 894.96
2 513.89
37 555.41
98 829.47
72 615.03
29 693.86
23 628.25
89 420.48
14 416.95
8 376.48
37 214.52
14 507.85
96 507.85
18 144.72
29 643.98
81 147.53
37 352.25
22 394.37
57 423.39
43 777.16
22 633.87
84 971.43
95 166.02
17 713.08
1 425.79
12 224.41
25 949.55
48 772.47
70 216.77
90 125.33
20 305.77
70 496.60
54 646.28
5 718.37
70 793.88
53 622.78
30 895.93
98 937.26
8 358.61
85 468.22
17 693.28
87 799.95
63 280.99
49 845.46
10 359.43
38 678.02
99 873.37
17 968.66
56 991.23
3 810.17
93 411.18
98 335.18
12 135.87
26 472.11
94 605.18
45 889.51
13 168.51
9 700.32
4 454.26
81 338.80
93 711.90
97 568.50
98 971.33
59 459.08
69 125.43
60 312.68
20 424.80
63 949.99
91 147.22
20 629.87
23 216.05
79 548.98
74 668.59
59 314.50
2 971.57
72 419.13
1 341.48
92 180.31
47 940.35
14 835.65
7 853.07
30 187.67
70 725.89
59 703.08
68 803.72
64 942.72
90 828.16
24 763.14
66 891.09
94 417.44
77 933.28
63 680.30
100 604.20
48 675.61
5 945.26
64 820.52
57 811.75
79 338.10
75 403.20
5 961.77
27 747.50
97 506.93
13 935.36
55 352.46
2 296.88
14 409.81
78 491.26
64 552.28
38 960.05
79 162.86
89 420.22
40 704.35
81 800.76
88 101.44
60 229.39
35 715.33
27 490.84
73 209.86
91 163.87
18 990.74
26 174.15
40 625.77
63 525.36
54 448.18
44 404.02
44 903.20
19 652.21
86 200.63
28 554.85
80 488.77
3 652.14
7 841.70
100 605.46
97 537.50
57 347.15
68 880.59
15 787.50
2 677.78
6 355.46
84 981.57
72 701.86
81 723.55
25 412.21
75 581.44
59 911.91
82 457.66
76 235.42
59 846.54
78 598.32
71 932.26
95 172.60
52 811.09
83 812.45
52 286.19
40 648.01
18 491.31
8 493.56
95 963.81
29 950.08
76 313.64
83 681.74
54 784.01
79 913.73
95 818.64
58 580.09
34 337.93
77 499.61
13 752.71
99 485.76
45 251.25
71 558.55
94 688.17
56 602.50
43 304.56
90 752.87
43 234.81
57 627.71
41 557.80
76 208.81
5 215.38
55 959.05
84 658.22
24 972.89
100 376.50
99 840.98
54 542.33
90 689.59
96 462.25
33 659.13
13 767.08
9 395.00
24 261.69
45 433.64
49 114.77
59 781.85
11 656.38
11 603.70
8 977.81
12 542.05
98 476.20
98 329.93
56 374.70
84 499.23
28 681.49
2 144.16
38 295.29
89 611.07
92 194.14
99 295.91
36 176.92
83 944.77
37 616.53
76 337.11
71 969.87
14 915.36
66 394.85
70 378.91
90 249.64
63 830.93
94 503.68
51 144.90
35 960.16
52 974.31
10 535.47
36 928.65
72 753.85
76 242.36
65 508.35
80 626.11
3 997.34
61 194.48
19 830.50
87 872.49
8 851.27
44 357.45
87 747.77
14 565.92
17 240.16
30 712.85
63 993.71
69 455.69
85 798.63
37 408.12
7 252.43
59 707.95
89 490.76
42 623.00
18 845.04
69 678.63
39 776.12
6 419.98
34 579.49
8 274.49
43 330.28
51 838.31
98 849.26
63 945.21
20 885.79
92 244.25
31 224.72
48 222.92
8 414.20
64 137.38
40 741.94
40 352.95
33 508.13
44 208.58
73 110.92
7 512.17
83 266.12
41 238.61
29 930.37
8 381.70
92 218.19
93 996.71
52 305.64
33 803.17
99 749.71
18 981.14
79 749.39
43 831.81
96 836.03
21 682.00
98 623.92
99 861.35
35 623.93
60 485.37
57 877.89
36 753.74
87 478.19
67 574.95
83 556.47
37 374.30
25 658.71
23 765.29
99 215.47
18 425.85
35 932.50
99 100.05
77 913.15
51 353.41
98 238.32
84 338.63
14 841.32
89 935.71
54 307.67
77 595.42
32 802.32
59 312.33
90 632.49
75 209.36
93 811.83
31 855.49
96 963.55
75 798.42
50 128.16
8 723.39
20 555.51
21 351.20
57 491.54
79 310.02
98 716.58
84 604.74
59 857.95
45 485.68
48 763.94
91 594.87
39 432.25
92 404.33
68 194.14
67 298.78
69 399.59
10 179.74
27 810.57
96 921.76
98 138.88
40 118.65
19 330.61
10 388.24
17 997.05
98 507.27
41 915.17
27 619.01
34 295.41
61 275.23
68 798.57
27 453.43
43 815.58
22 684.74
63 127.91
48 429.72
57 534.52
29 609.15
11 993.33
14 964.10
25 256.40
39 990.69
53 946.00
74 958.41
18 324.43
57 307.23
26 562.27
87 227.87
28 981.01
97 883.41
19 928.52
92 980.11
24 911.58
59 713.05
31 491.96
76 839.98
71 430.92
6 391.82
55 640.67
61 617.32
39 670.03
59 159.79
18 149.13
58 783.80
21 272.79
61 634.76
43 277.58
23 770.95
95 322.17
81 306.97
57 348.26
10 522.66
16 965.51
72 846.32
91 909.27
1 206.01
31 896.86
45 361.29
45 607.24
50 959.03
48 435.77
93 944.11
7 934.14
23 378.90
63 979.67
77 287.31
32 459.31
61 663.87
49 671.45
4 219.96
78 273.47
5 715.60
93 582.35
60 542.82
63 274.32
8 789.44
13 886.14
100 577.67
39 922.45
5 901.42
47 810.29
36 369.96
2 416.26
96 909.76
32 412.34
25 581.83
89 470.64
89 404.45
17 910.72
30 661.98
78 811.83
2 233.62
61 828.07
26 737.37
42 467.52
66 773.38
42 962.29
34 747.54
15 566.61
13 164.81
90 620.65
86 777.58
97 927.54
18 793.00
87 646.95
57 588.64
79 469.85
82 838.11
13 991.89
4 214.92
35 109.12
47 805.98
54 382.27
94 651.97
25 815.00
60 777.61
47 501.64
70 446.15
11 901.35
25 905.25
88 559.81
98 595.54
71 445.30
6 512.70
90 540.74
53 903.73
73 497.38
57 606.28
24 688.00
39 298.84
100 184.22
87 870.65
60 689.75
11 232.77
66 251.70
33 127.01
14 348.46
37 522.83
12 950.05
73 835.31
49 562.56
68 193.51
34 295.66
1 195.45
71 788.62
48 689.01
94 202.84
18 859.29
80 829.24
61 449.52
63 604.45
41 782.43
56 592.36
6 892.22
62 842.54
89 297.49
84 811.77
65 594.90
48 508.34
89 948.90
53 814.97
25 288.60
75 388.46
37 345.06
25 653.07
47 511.96
39 121.42
8 850.00
4 140.94
16 821.30
70 642.34
32 960.40
27 108.86
84 238.42
52 189.47
66 584.39
19 411.38
82 415.13
10 105.69
7 506.57
89 203.80
41 320.69
87 374.48
5 329.00
72 130.52
91 107.95
15 990.64
62 627.84
17 111.72
52 369.58
22 388.88
97 775.08
21 725.54
99 435.57
37 958.33
82 250.17
73 734.69
43 204.50
8 203.99
5 777.38
88 569.53
76 856.81
65 276.78
54 670.25
78 664.76
72 979.57
47 162.04
75 593.77
85 374.69
25 281.88
33 881.07
96 387.82
49 463.16
33 197.51
44 505.81
93 887.03
41 558.66
69 123.62
100 443.43
9 635.20
88 907.65
17 242.46
67 621.56
28 869.16
100 709.05
54 911.76
50 217.55
63 160.01
66 988.35
29 952.67
29 239.47
19 125.21
41 967.61
31 676.30
3 779.51
89 849.16
28 852.16
43 928.08
15 633.60
62 197.63
54 806.58
30 996.35
59 954.20
10 735.45
49 442.98
94 884.43
82 829.73
71 747.53
94 720.14
71 589.70
69 537.38
91 343.21
27 704.99
73 850.42
75 811.61
99 135.22
57 628.45
2 665.81
14 461.76
6 653.99
3 668.87
58 582.37
59 299.84
89 790.38
13 636.77
8 603.63
64 863.70
47 408.60
68 793.98
67 427.64
19 455.36
83 513.42
30 551.23
3 891.19
66 277.38
98 900.43
7 612.31
71 843.55
40 658.43
22 696.89
71 342.89
10 192.65
45 840.48
90 509.00
44 430.87
87 561.82
10 108.29
78 747.59
9 705.55
25 329.51
88 519.86
26 687.24
29 314.26
28 649.19
6 470.36
47 399.91
68 448.31
43 937.63
10 149.24
48 728.65
76 888.63
49 938.63
25 343.79
52 515.81
19 917.57
39 905.16
22 616.73
12 462.84
22 777.45
77 261.05
3 938.05
26 112.60
53 348.29
8 587.18
79 979.27
39 294.39
10 294.91
31 368.93
59 280.10
39 875.27
59 631.85
76 629.12
56 440.11
3 840.15
52 211.74
26 267.72
56 593.33
15 342.74
18 496.55
65 571.81
52 919.08
62 106.70
84 802.27
49 679.06
18 580.38
66 742.84
89 686.01
74 706.04
21 508.35
29 253.33
38 733.94
25 145.99
25 538.31
22 399.01
23 934.15
46 105.71
3 546.59
54 162.14
77 724.31
80 988.76
35 237.47
7 231.78
8 417.78
43 171.43
9 944.40
68 362.46
23 999.25
26 953.85
32 710.57
100 580.40
11 338.55
27 371.95
87 571.00
29 566.90
55 212.17
92 775.61
39 630.75
100 588.25
32 418.44
76 178.26
33 771.71
68 544.63
17 476.13
52 367.96
88 975.46
2 584.70
70 547.39
10 654.43
11 486.69
24 584.55
45 810.75
80 148.24
14 251.53
20 996.79
79 856.16
91 432.13
94 605.06
32 379.55
84 231.81
42 377.75
14 206.26
25 874.64
86 543.86
51 272.60
16 119.36
95 863.08
36 527.40
14 418.20
41 971.23
15 279.66
9 720.92
94 257.76
10 838.30
27 968.70
54 324.36
43 146.59
33 442.55
18 385.85
86 249.56
4 346.99
37 261.48
34 153.88
94 361.90
70 240.48
47 802.45
14 337.29
42 217.26
55 417.31
56 265.93
40 953.62
14 844.43
46 342.43
64 207.18
61 702.05
46 299.38
85 524.09
72 392.26
25 449.28
43 894.01
20 863.96
76 980.36
97 544.17
56 278.32
97 391.65
62 509.04
62 870.81
91 255.76
68 865.76
71 260.03
49 988.46
96 187.84
8 639.43
24 682.74
66 753.83
35 600.89
29 769.05
67 215.94
60 517.17
64 308.14
63 299.60
44 669.55
4 116.43
21 922.53
32 360.86
54 963.69
52 660.30
74 486.04
9 551.27
94 953.43
38 696.52
63 227.99
45 238.36
20 926.45
76 771.43
90 224.68
40 916.82
97 915.73
65 669.93
95 240.73
8 739.70
74 435.50
58 504.37
63 271.74
28 854.46
67 105.02
17 966.06
1 367.64
67 894.74
26 374.49
91 577.20
5 481.66
88 971.34
50 835.54
80 597.04
24 631.52
74 120.91
26 241.14
71 792.42
10 520.18
86 508.74
35 507.12
10 718.90
82 928.07
16 544.92
49 972.64
58 888.98
16 293.14
91 558.71
80 263.83
74 445.36
50 995.87
45 749.38
71 565.19
92 574.11
82 207.01
36 748.67
67 254.42
63 650.14
48 185.60
51 532.70
22 649.99
6 928.45
56 809.61
41 773.50
9 536.04
22 946.32
27 782.92
44 933.31
79 892.96
77 599.01
1 155.67
61 391.82
77 115.97
63 293.10
76 575.30
71 705.05
45 409.78
42 166.09
45 738.20
42 319.77
70 603.45
40 567.23
11 722.15
46 693.65
85 151.88
53 675.12
15 955.18
62 381.61
24 899.62
23 544.38
9 579.04
16 387.18
70 162.08
81 199.92
99 957.74
69 352.08
99 348.42
87 703.08
95 628.08
63 157.44
90 242.29
10 136.31
54 698.04
84 491.24
84 748.14
72 483.95
48 286.86
25 359.43
94 901.45
35 157.92
93 686.04
43 333.83
53 713.86
81 661.80
28 716.63
47 736.32
66 623.77
55 372.29
95 204.14
90 420.37
40 652.55
2 379.61
4 520.59
7 684.81
18 517.29
44 569.32
34 340.92
64 917.38
10 488.54
89 535.95
98 970.38
8 450.28
19 101.87
16 911.74
30 599.66
88 950.86
96 167.92
100 500.95
38 593.74
30 210.60
33 975.17
10 802.04
61 248.57
52 636.43
63 703.83
84 999.09
84 623.79
82 661.53
31 735.14
71 610.37
36 882.52
3 158.66
45 591.73
54 453.66
57 433.29
85 809.69
81 332.07
86 922.51
96 731.03
2 483.65
66 494.82
55 413.86
46 692.39
8 318.34
43 710.53
81 539.92
92 790.81
57 912.76
59 930.20
95 433.26
96 866.04
88 501.30
7 802.82
46 753.36
44 503.31
50 533.35
11 539.52
46 830.20
92 172.81
84 568.89
56 101.61
79 375.68
56 790.08
34 667.43
85 538.21
70 130.88
19 388.52
76 447.48
44 111.44
85 888.73
39 461.14
71 986.10
81 571.13
66 977.38
38 226.16
30 591.01
14 635.35
65 295.93
42 936.64
15 480.09
25 543.61
98 334.05
11 229.92
22 598.08
28 666.03
91 272.80
60 386.27
99 148.75
70 197.92
70 546.99
98 966.52
53 859.44
78 201.57
100 568.47
99 154.73
45 823.39
59 379.87
8 866.87
43 594.01
95 744.67
4 542.19
25 922.86
88 700.70
78 206.52
24 955.56
27 263.18
1 652.83
98 143.13
6 330.30
82 237.87
12 179.75
10 907.78
7 749.17
5 127.60
30 133.81
99 571.85
4 557.84
24 563.43
43 110.68
20 335.07
74 759.36
85 437.63
45 665.39
96 530.47
7 814.07
66 597.48
37 828.16
32 943.93
52 635.15
29 878.03
14 413.88
58 656.43
29 188.66
16 865.23
22 796.60
28 502.29
99 635.54
42 424.82
43 225.17
42 829.85
97 724.78
49 331.25
55 290.98
14 126.61
64 868.89
9 255.80
56 791.14
79 348.24
42 882.81
40 316.89
42 731.21
56 731.16
69 381.23
86 701.25
47 817.29
7 879.74
29 340.36
100 451.71
20 464.06
26 797.47
65 709.28
40 928.71
92 918.56
74 291.97
56 316.49
29 625.28
71 405.13
31 684.57
25 519.06
42 502.93
74 631.60
60 871.65
90 197.38
80 459.48
82 747.06
92 494.91
55 691.53
59 361.12
51 916.64
46 550.26
68 891.10
37 349.37
52 700.83
22 883.35
41 167.32
38 490.31
12 979.61
42 317.31
26 560.99
50 772.45
66 810.73
13 262.42
62 659.02
44 210.73
81 151.55
39 769.20
25 503.80
91 134.04
89 802.47
100 561.99
46 546.60
14 837.22
53 613.04
51 876.85
28 344.63
21 566.10
57 874.71
33 316.64
2 881.55
48 997.32
78 675.54
71 969.15
11 583.15
32 193.09
5 563.74
49 932.46
76 402.76
35 382.09
59 890.87
72 616.56
98 974.70
55 754.36
69 110.01
39 576.69
93 440.40
65 807.94
30 849.02
97 352.99
48 852.70
11 797.14
31 986.90
69 370.26
23 428.12
77 996.30
12 916.20
53 463.40
46 966.97
97 512.94
3 450.25
20 868.70
40 682.93
85 371.71
86 491.97
89 944.04
72 242.80
45 587.44
10 400.78
19 779.82
54 817.50
40 707.68
30 423.36
42 898.40
16 198.27
92 455.04
57 153.42
73 622.49
4 142.79
51 584.80
80 117.49
41 691.82
34 944.42
79 284.84
35 200.28
64 569.07
94 723.30
41 749.86
88 885.89
61 257.77
14 708.38
100 204.24
23 460.88
5 347.06
94 474.96
80 815.32
94 972.07
13 991.85
11 748.79
53 189.58
22 885.93
77 162.25
93 981.44
96 540.75
60 435.54
11 663.08
58 756.52
5 107.60
92 416.23
46 737.04
46 253.82
34 500.83
61 182.17
91 312.39
60 135.30
100 366.82
37 985.86
14 708.66
81 383.09
23 712.13
46 139.68
3 173.16
32 690.80
64 979.12
44 133.50
89 825.85
67 577.51
45 552.96
65 323.23
29 146.34
30 157.87
27 777.17
62 162.42
65 637.52
16 743.43
23 849.94
71 193.54
78 897.92
70 796.43
71 410.79
29 919.63
30 307.97
11 462.11
40 539.38
36 531.12
19 890.53
31 743.95
20 238.80
2 341.70
73 554.01
77 790.91
4 280.24
30 297.88
12 567.09
56 585.00
5 879.19
91 503.41
39 815.70
97 449.08
80 365.37
85 369.74
72 750.54
99 445.58
78 964.64
20 760.94
48 859.72
67 513.61
28 473.31
4 604.17
57 113.32
91 593.29
100 688.10
49 884.51
75 766.19
18 383.51
90 306.63
76 580.81
71 503.44
5 321.48
41 443.69
48 931.37
100 472.58
25 936.69
70 821.57
21 187.91
13 627.67
52 386.31
10 717.47
14 916.90
7 524.74
10 786.36
34 794.08
23 319.86
59 360.72
9 371.51
64 836.33
35 983.05
14 610.71
99 658.81
88 788.77
14 805.38
97 256.69
90 771.05
92 710.40
66 629.04
20 179.68
99 822.89
40 899.81
35 100.79
39 400.47
11 642.01
58 334.96
8 903.94
82 282.28
77 849.11
38 836.78
8 668.41
63 723.34
45 761.46
62 545.51
13 697.57
21 932.46
59 102.40
75 937.08
57 852.95
33 165.10
52 672.18
19 862.19
31 412.90
3 177.75
76 448.08
3 553.96
26 525.53
52 749.65
30 874.79
15 765.16
69 310.19
66 363.90
92 516.88
11 463.86
16 450.27
17 659.03
14 336.96
96 785.84
47 893.24
52 679.72
82 634.00
100 813.22
42 102.23
13 257.31
96 543.42
32 868.70
90 919.84
1 880.90
4 249.93
47 773.51
84 896.92
26 498.75
6 355.44
100 765.82
51 901.47
3 701.66
60 712.01
19 932.78
66 712.75
38 211.69
77 177.75
17 524.93
72 641.50
18 789.92
86 990.88
3 332.51
64 411.31
37 428.53
93 969.91
63 600.74
33 763.10
76 730.56
93 956.72
89 743.41
80 158.71
42 549.33
22 968.87
25 350.20
38 681.31
43 268.19
40 853.44
16 837.03
49 842.36
68 352.34
54 782.75
4 236.95
18 343.35
24 950.75
49 505.24
18 697.10
47 122.32
63 617.01
68 774.20
16 524.14
57 365.29
19 756.82
18 162.49
98 260.17
82 145.89
100 575.71
14 267.25
72 551.85
78 453.82
56 817.56
6 470.12
57 459.51
73 785.71
29 173.30
53 503.34
30 473.66
25 601.86
83 922.48
30 836.12
10 880.40
9 632.02
88 405.93
82 184.50
50 454.74
57 545.12
62 225.29
18 798.42
98 677.96
30 917.87
27 344.64
80 369.77
64 559.54
48 223.60
70 906.65
72 295.84
55 382.46
82 169.48
87 170.01
1 124.92
92 845.95
84 295.77
34 781.78
89 302.38
60 300.57
46 923.50
8 142.43
67 108.31
73 760.05
62 817.88
59 701.20
63 854.60
77 255.70
24 121.34
30 410.27
37 617.61
61 602.87
13 445.51
22 529.90
21 940.84
25 506.55
11 549.68
95 285.75
74 605.87
86 394.39
10 423.26
36 598.21
27 595.64
18 545.59
55 201.49
21 340.32
64 983.45
17 934.05
25 870.89
70 443.96
3 729.35
76 201.71
76 352.48
92 938.37
45 784.00
98 778.95
78 842.68
29 677.26
51 785.81
33 396.06
57 381.96
32 889.78
8 894.92
100 639.50
32 868.07
96 990.49
84 881.75
42 534.66
17 922.68
7 613.72
95 180.39
47 507.76
75 557.95
8 664.91
73 954.58
35 365.06
68 960.37
26 562.76
28 626.80
29 660.09
49 956.73
15 349.24
2 191.66
8 315.82
81 722.65
67 523.51
83 553.42
36 474.77
1 202.44
61 427.19
79 589.38
50 952.23
55 149.66
5 231.22
51 468.63
87 954.46
37 778.92
23 431.26
51 331.18
53 484.24
5 753.40
54 301.75
58 604.87
39 241.74
33 333.33
14 177.90
51 558.34
32 350.17
57 425.57
73 263.22
83 267.33
66 456.56
7 803.31
54 564.54
58 658.73
68 718.07
50 779.06
95 670.27
59 262.26
1 161.61
44 968.97
25 400.87
78 741.35
28 141.80
87 466.42
25 792.09
11 238.98
70 897.25
95 289.78
71 666.43
38 766.13
62 336.92
36 837.50
64 275.90
55 324.78
86 477.22
33 276.69
76 224.61
73 551.72
70 188.90
92 547.20
71 340.50
34 332.86
74 568.77
32 454.01
11 988.23
57 479.65
45 503.13
6 904.34
4 920.20
93 213.55
99 207.63
45 711.23
3 556.12
17 232.05
73 157.26
39 927.49
56 991.27
53 180.37
75 439.05
56 586.14
92 537.55
33 499.29
11 305.13
8 633.64
38 209.63
50 691.74
32 684.29
63 371.47
93 521.61
85 138.53
11 937.74
79 962.32
10 677.74
5 881.40
86 217.88
68 224.61
38 708.04
94 297.76
51 641.65
11 994.32
22 381.02
31 995.87
56 103.00
68 173.55
77 787.62
71 320.07
14 233.38
1 166.36
37 463.81
64 826.51
16 524.65
38 459.33
3 295.00
18 679.65
85 737.82
21 926.24
77 144.65
15 296.75
99 852.50
73 168.90
85 461.44
89 168.38
82 977.19
20 358.30
35 765.92
67 599.94
50 676.99
27 452.97
14 639.65
2 261.35
82 980.78
3 387.53
42 321.12
60 838.80
13 138.54
19 435.48
42 345.16
55 579.97
40 426.96
74 363.76
22 552.06
48 230.75
92 384.34
41 414.17
44 840.25
57 573.66
69 317.40
45 970.63
30 834.97
17 133.16
56 731.91
92 737.43
10 596.21
37 183.32
69 108.84
78 235.76
90 725.12
27 336.67
45 586.47
81 557.22
93 652.30
51 673.42
60 374.40
15 562.66
26 928.76
38 615.31
67 432.89
66 515.14
64 265.83
17 748.95
31 751.26
12 850.42
47 189.11
81 372.19
71 434.53
67 726.84
80 270.79
70 517.90
86 248.68
29 652.51
59 156.26
33 554.44
36 123.88
75 801.16
90 125.28
60 890.35
98 636.82
74 240.30
23 428.13
86 417.78
6 333.13
29 150.83
40 730.11
55 809.36
26 697.37
84 400.98
73 902.54
34 226.22
85 930.85
29 999.41
99 101.12
33 413.32
5 939.90
38 140.39
74 381.03
68 824.36
29 251.19
56 274.40
85 561.18
31 628.21
99 226.30
98 524.63
7 288.58
43 314.36
79 497.79
9 745.21
66 304.30
94 748.80
17 354.14
33 652.69
82 878.17
26 306.99
72 905.65
55 255.55
67 184.21
28 847.47
99 379.31
91 901.40
2 647.00
95 122.59
79 165.00
19 617.49
44 900.03
34 616.90
52 193.29
39 787.19
38 386.85
3 293.06
88 826.30
36 489.39
16 755.35
19 698.03
77 447.54
58 638.64
15 551.54
76 930.27
28 935.79
30 744.32
87 552.37
100 990.52
62 675.28
17 155.55
36 890.41
45 218.30
67 906.49
70 820.50
42 289.42
28 406.43
89 987.50
54 338.66
1 306.86
34 706.24
60 875.57
68 155.03
59 649.71
76 567.76
34 439.41
82 599.36
50 792.16
44 368.56
54 948.52
20 448.91
20 937.49
14 838.11
31 837.88
51 460.55
54 685.65
24 541.85
33 696.36
24 601.85
78 317.46
30 422.12
12 616.25
44 142.16
81 875.01
21 175.13
7 618.24
21 262.46
77 959.87
11 893.77
87 266.72
98 227.53
92 979.21
90 783.24
20 962.34
88 966.08
62 390.05
50 273.69
5 363.18
14 774.47
97 350.02
70 227.44
99 453.86
31 651.15
92 518.43
96 516.63
14 939.53
42 904.52
37 104.84
84 181.44
37 791.25
21 370.34
75 453.23
38 172.45
99 327.98
57 435.91
14 195.02
28 726.93
13 814.08
100 888.27
25 325.57
13 723.89
10 369.11
100 936.82
46 740.78
43 871.57
19 256.62
7 424.12
59 651.16
89 841.47
79 512.75
27 742.57
3 518.94
52 882.67
65 361.35
46 604.77
53 317.68
82 976.10
54 628.50
88 163.19
27 725.78
51 132.21
47 170.63
63 735.48
15 188.98
82 262.89
70 936.57
62 789.12
67 255.17
10 429.60
30 938.71
56 168.89
99 788.51
48 344.60
2 150.36
15 750.12
8 773.85
51 605.04
19 671.64
46 189.01
41 744.64
89 848.36
22 249.75
60 533.19
8 717.77
43 904.74
40 352.05
21 594.95
39 356.25
67 994.90
4 730.15
77 315.21
34 813.36
56 921.33
69 562.14
78 913.53
4 364.03
96 578.22
26 745.21
86 817.11
29 152.64
75 846.52
90 193.47
13 294.05
10 494.22
40 495.83
23 284.19
55 439.45
66 866.92
78 646.51
53 816.38
100 238.35
81 283.13
7 299.51
78 640.58
35 896.38
31 516.97
61 273.48
74 585.01
46 785.84
44 749.79
3 168.97
91 504.90
100 466.12
54 579.11
57 225.71
28 554.92
50 683.59
82 984.88
87 530.50
45 899.55
67 594.13
66 612.46
38 821.41
98 623.73
72 101.34
20 533.92
78 626.77
3 788.30
88 829.73
20 870.59
45 357.87
86 842.05
34 196.61
45 596.91
37 394.75
21 561.00
63 437.27
7 689.51
47 703.91
71 450.10
94 975.93
66 936.87
32 925.02
44 583.78
5 229.09
99 324.79
36 919.71
80 634.72
99 241.53
40 579.71
69 364.65
59 411.00
83 784.29
62 469.87
41 633.00
12 869.82
86 531.43
85 383.02
74 198.66
74 229.95
9 222.36
1 337.97
68 307.97
99 227.52
71 460.80
91 500.58
16 650.91
99 382.34
7 175.88
41 739.00
73 840.71
28 795.38
19 271.47
3 523.60
90 526.26
26 983.91
59 754.77
87 711.86
34 426.61
64 799.84
27 271.54
17 472.54
84 670.76
38 169.29
65 731.79
3 116.94
50 794.77
50 775.55
12 213.86
75 770.68
86 805.50
43 909.43
50 989.39
1 907.73
36 619.71
59 260.65
93 638.15
11 413.81
17 198.36
88 188.93
22 757.78
20 365.47
20 246.23
31 441.23
49 304.54
81 208.96
21 131.95
16 797.69
98 355.93
39 747.62
33 688.01
68 213.29
41 683.34
25 926.30
59 823.43
34 227.65
86 131.50
19 893.98
74 626.64
79 956.11
88 406.97
16 434.32
42 990.79
86 286.05
22 399.64
27 287.19
61 334.75
54 216.97
21 145.80
45 189.67
3 669.36
43 432.67
26 517.49
13 329.62
81 725.47
47 629.43
54 264.53
18 548.06
61 875.68
100 383.36
31 551.90
67 263.64
95 977.14
11 496.78
62 268.50
20 386.67
38 627.70
45 889.09
38 749.65
97 283.57
39 218.28
88 575.61
11 223.06
96 517.72
13 880.11
77 602.13
71 763.44
1 245.61
37 336.28
94 371.56
79 600.24
59 780.52
73 305.32
88 422.96
62 386.47
70 389.31
11 898.95
33 269.04
93 613.82
14 258.06
100 767.19
19 276.58
24 780.60
72 713.32
25 259.93
74 591.92
12 454.73
71 339.49
67 552.66
92 633.18
61 676.54
32 810.58
85 244.42
69 521.66
46 977.43
6 348.79
27 570.59
3 817.02
48 112.77
34 947.68
17 467.31
21 717.96
50 519.07
38 346.78
72 339.16
29 399.85
79 808.61
48 954.46
78 551.72
99 326.53
43 455.45
13 327.52
25 432.69
13 961.74
45 428.22
60 621.93
46 458.43
19 839.70
19 712.08
92 165.65
49 567.12
35 485.21
30 411.77
13 350.98
84 918.66
93 668.69
91 384.67
86 609.24
34 716.18
88 334.86
16 399.03
32 276.94
78 991.83
98 245.82
71 913.50
23 983.49
22 247.37
29 789.10
36 497.65
19 268.51
45 121.87
98 766.85
12 261.04
30 492.48
24 733.12
81 500.82
84 860.71
64 638.97
76 335.94
57 114.81
18 605.10
87 794.46
58 891.86
94 300.43
6 800.87
81 657.26
93 260.09
93 827.89
66 337.00
21 903.90
25 925.09
99 136.07
24 997.59
74 213.19
92 381.65
76 811.02
39 149.53
31 102.25
83 542.18
35 725.40
80 669.34
48 581.18
1 683.01
42 691.55
9 804.34
8 466.51
98 343.55
76 900.97
72 838.39
63 969.77
1 947.42
52 198.34
89 683.33
48 559.32
48 146.38
62 264.33
24 609.84
15 744.00
23 580.43
19 896.09
70 131.76
74 744.72
87 870.25
20 451.16
66 101.61
51 389.45
60 461.00
18 244.27
28 576.47
97 751.36
48 902.56
7 862.09
83 566.16
55 854.16
100 289.51
38 489.23
49 949.29
22 814.89
86 271.80
48 730.96
75 334.58
3 815.97
6 309.36
37 403.92
4 483.65
73 221.83
11 115.80
34 173.27
46 664.21
94 382.05
11 417.59
15 855.31
41 417.72
75 478.62
18 195.10
24 506.59
26 448.84
50 422.37
58 347.98
75 116.44
83 984.65
18 369.97
86 329.78
56 530.80
61 871.50
11 924.32
74 496.01
18 737.48
71 169.03
75 638.83
5 467.79
39 996.01
89 631.75
72 353.28
100 520.11
52 978.97
96 639.20
67 904.44
59 363.61
32 449.39
55 991.60
34 270.79
45 126.64
38 583.99
71 103.63
93 241.22
26 650.21
6 442.51
49 985.89
13 324.91
58 561.12
59 787.99
18 897.28
95 609.45
43 939.88
59 172.02
38 700.70
1 970.84
20 648.40
45 791.97
34 313.79
62 780.99
32 362.28
75 493.09
39 937.62
19 719.43
3 110.54
95 698.48
30 800.41
61 944.31
50 575.30
45 364.24
4 316.59
51 158.22
15 714.02
65 263.94
28 739.81
59 992.40
65 738.40
9 396.58
15 734.04
13 485.41
29 121.33
2 200.37
17 853.12
10 165.02
48 339.23
59 732.39
70 842.41
79 222.46
13 197.79
27 384.27
85 594.33
8 826.09
18 166.74
18 159.90
49 441.74
61 730.50
5 659.06
76 784.37
89 933.27
49 864.86
7 539.37
97 498.72
5 434.90
49 419.45
94 748.42
98 460.94
80 705.15
51 640.58
93 234.92
55 473.36
21 229.68
91 958.14
27 551.37
51 842.34
76 337.68
26 936.43
33 891.71
97 776.35
2 651.15
55 277.98
39 869.48
1 866.53
87 242.08
56 606.55
78 373.85
39 411.27
35 556.22
33 359.21
34 599.17
2 873.15
83 684.38
12 886.40
74 776.31
11 961.94
33 770.06
10 173.20
9 434.97
81 284.58
74 350.20
80 704.22
10 112.56
91 767.46
87 606.11
18 134.58
66 837.34
53 401.86
63 341.76
56 756.94
16 540.74
71 758.68
10 153.75
18 534.17
45 563.52
89 112.08
46 291.41
98 308.94
48 287.88
38 200.00
36 898.87
10 427.49
93 699.76
58 325.33
46 317.91
68 178.21
88 909.80
8 992.27
76 882.14
43 687.17
6 860.29
67 451.64
43 753.30
31 227.20
49 561.96
98 192.58
73 464.51
37 141.80
49 826.70
41 220.65
47 416.16
14 290.05
47 922.37
47 956.98
74 497.56
28 875.01
87 928.54
12 532.10
53 456.63
88 166.70
37 687.26
45 205.27
21 225.39
33 905.75
25 477.57
28 258.92
88 312.09
42 700.16
55 713.93
69 866.79
39 576.49
39 328.70
54 589.30
84 248.15
63 753.47
26 365.02
71 125.90
21 300.73
66 995.28
87 779.18
56 952.04
30 645.12
4 921.31
3 409.06
55 780.69
30 548.59
69 520.85
63 350.25
47 173.79
42 458.64
62 802.95
34 375.71
97 743.30
2 643.89
64 637.93
33 925.39
79 621.31
48 940.54
56 886.20
31 782.05
51 626.02
65 909.04
23 652.75
5 966.60
47 444.19
78 663.68
27 219.97
88 102.93
73 527.38
16 781.59
97 906.96
42 401.77
80 304.17
22 886.36
86 314.20
80 783.87
25 287.79
67 281.43
63 908.05
30 289.17
66 215.54
64 267.00
75 733.45
67 272.18
4 124.00
53 713.67
5 472.55
65 668.87
29 648.99
46 626.54
29 980.28
58 223.01
25 404.63
4 935.53
93 268.15
15 168.15
38 497.04
95 647.37
63 577.42
27 106.21
22 932.38
49 338.34
67 361.86
89 625.01
19 873.84
66 263.65
18 879.93
51 926.23
80 181.78
64 753.69
4 808.57
6 695.51
18 345.75
22 871.03
76 343.43
92 275.45
9 597.51
95 910.09
19 728.50
93 694.05
12 576.43
53 209.15
30 656.30
19 900.06
88 467.05
17 518.51
40 230.40
85 760.39
2 577.55
26 831.39
66 598.29
70 930.79
9 346.13
51 270.55
8 985.84
77 958.27
99 932.86
99 923.35
17 682.12
80 323.82
91 387.12
7 543.14
12 536.60
92 887.50
28 230.61
73 588.81
91 112.34
99 406.23
58 712.05
54 690.60
5 772.02
23 277.78
3 244.94
92 448.68
81 347.44
87 554.97
84 600.92
2 101.34
62 654.08
86 826.57
40 538.41
44 187.04
54 746.27
78 232.73
29 540.53
40 938.03
70 698.99
92 418.35
58 475.17
76 977.31
43 911.25
76 487.79
88 704.25
51 800.90
8 611.52
77 385.49
88 812.22
64 548.34
99 482.77
50 880.76
56 999.29
90 954.17
93 216.34
38 452.78
61 316.66
73 511.10
7 221.30
72 321.33
42 243.46
89 747.01
29 566.79
82 721.42
50 686.97
97 583.00
51 540.30
25 910.98
44 420.29
94 322.50
46 139.11
56 738.59
87 475.14
95 556.40
67 229.31
58 777.90
52 443.20
57 223.52
17 675.05
38 533.54
20 469.98
97 189.60
82 838.39
68 209.50
57 639.25
35 559.75
37 573.63
81 114.13
36 860.83
67 775.11
60 655.90
71 747.31
33 326.22
85 472.54
15 367.90
47 201.08
18 967.33
97 902.39
91 760.98
35 832.19
95 272.22
91 236.91
93 628.49
93 718.86
32 830.19
40 710.89
74 565.50
50 441.69
85 578.09
48 825.90
49 777.80
4 369.48
89 133.71
7 299.92
57 752.72
99 123.58
96 460.88
10 700.64
23 918.99
28 107.16
27 200.36
91 366.62
66 506.90
17 251.66
19 811.83
25 942.00
23 373.73
85 906.03
47 936.72
25 404.01
41 384.83
85 841.67
99 100.77
71 705.20
72 802.83
24 266.86
80 232.25
58 695.32
74 916.87
60 256.47
53 110.20
30 348.03
91 962.95
37 964.35
22 349.83
4 760.15
42 596.93
85 765.57
64 967.41
47 123.70
32 755.94
91 853.89
80 749.68
43 396.17
88 604.59
48 658.76
79 868.92
33 744.25
31 190.91
82 405.04
95 581.00
98 991.78
22 374.31
60 624.88
75 555.98
91 371.98
51 529.60
6 763.28
46 959.22
90 152.03
21 702.18
87 678.39
18 173.02
85 432.61
64 755.78
67 894.39
67 301.77
72 991.05
45 820.79
80 431.80
89 527.22
76 127.92
80 506.65
3 792.10
8 562.19
19 598.76
58 825.96
96 430.84
94 153.55
71 420.39
50 447.48
52 369.97
84 275.44
73 410.63
4 641.06
7 950.73
49 351.71
42 108.83
97 499.42
63 546.02
64 523.86
82 598.83
1 737.07
8 631.74
77 634.87
90 184.44
95 526.34
49 728.31
4 995.18
42 125.05
45 641.88
66 905.65
86 919.44
84 699.07
21 576.28
54 277.61
7 498.88
93 830.05
28 937.44
52 566.41
74 177.60
42 659.40
54 759.87
15 396.11
40 876.02
1 108.41
8 253.34
56 295.55
69 952.86
50 432.89
84 358.19
62 111.76
64 620.90
43 529.92
70 717.41
35 174.60
54 101.59
50 746.26
5 791.17
22 947.60
7 116.88
41 696.98
80 600.84
2 541.42
46 495.84
30 444.60
79 801.89
34 638.50
28 695.71
21 472.55
47 922.13
99 683.96
79 145.10
3 178.55
94 129.04
66 176.17
43 485.58
34 205.94
40 484.79
41 522.43
44 227.98
23 524.62
83 738.67
83 827.86
5 727.72
69 334.67
29 379.96
78 244.70
4 643.55
23 149.11
76 998.44
35 485.32
12 473.73
92 293.16
61 654.01
9 493.36
82 304.92
95 221.04
29 287.56
62 676.50
19 916.61
34 642.73
7 102.01
26 539.83
21 892.77
35 734.83
69 624.32
54 106.28
58 903.94
92 425.49
85 859.57
30 170.23
90 503.10
21 215.28
59 326.73
85 315.96
32 154.25
31 668.68
30 309.91
94 177.49
62 475.66
74 329.60
65 898.57
19 956.31
11 653.88
89 367.22
68 691.95
72 259.04
99 653.75
38 799.35
95 905.44
86 399.45
92 656.07
67 447.44
51 617.66
7 613.82
28 873.31
14 515.00
80 912.75
99 492.77
67 492.88
48 452.25
29 568.79
99 747.27
97 531.82
79 501.11
92 142.11
51 411.93
79 962.94
85 889.29
99 664.12
74 598.14
8 392.47
52 123.72
58 477.56
87 727.45
17 506.66
93 959.67
32 247.89
2 403.81
98 181.73
23 757.76
8 912.50
88 496.09
94 351.42
66 232.17
42 162.43
31 864.34
84 633.01
86 301.81
100 154.93
3 934.29
68 307.24
8 895.44
100 457.78
47 622.12
23 282.40
82 828.98
94 808.52
94 826.27
71 646.97
1 951.68
97 400.13
18 590.58
53 285.36
65 979.43
21 687.61
69 692.69
16 387.87
79 234.82
98 177.89
65 888.22
97 548.51
21 225.61
64 241.60
28 547.14
34 559.06
29 454.53
51 133.47
82 913.16
76 656.06
71 969.69
73 405.57
26 785.27
36 808.36
46 967.43
90 192.99
74 896.91
89 949.62
77 200.03
84 749.72
83 493.43
56 740.71
37 180.61
61 321.92
68 719.73
24 698.56
34 176.13
30 250.61
54 804.60
73 470.68
45 383.02
96 421.49
42 466.92
4 569.99
56 387.92
88 123.04
2 998.02
2 520.51
45 226.74
74 791.51
100 409.99
8 405.34
56 828.40
5 644.04
77 644.48
27 302.80
50 389.43
20 621.05
83 738.71
23 391.84
3 384.42
68 267.66
9 692.49
30 818.32
19 379.01
89 474.31
35 209.96
4 610.71
99 346.84
54 112.88
40 411.41
49 804.34
91 253.29
84 120.53
14 727.28
49 860.31
6 665.74
51 406.96
2 157.30
96 577.17
54 325.32
50 169.73
96 844.95
83 106.49
21 797.47
92 451.05
71 115.17
66 850.27
74 134.80
83 834.74
19 892.82
97 207.14
84 492.35
100 868.21
2 453.71
64 760.41
30 843.88
56 416.46
35 975.72
12 424.28
20 532.11
82 131.40
48 238.32
43 563.73
2 740.27
15 757.41
77 499.94
39 833.07
66 294.68
17 287.96
83 759.21
91 270.96
37 231.08
44 306.34
78 446.27
57 453.15
49 921.56
90 431.14
33 745.59
98 117.98
71 290.34
44 464.18
55 861.03
67 526.05
35 774.23
87 539.22
80 457.13
90 353.00
53 175.40
43 743.63
97 335.33
4 461.27
57 881.45
54 698.03
93 721.84
14 204.26
50 891.93
75 439.52
97 739.39
35 920.03
90 982.94
75 819.07
30 107.91
94 322.43
58 752.70
84 740.86
32 447.71
10 515.03
26 108.98
77 743.13
40 730.21
22 298.93
99 278.77
100 381.17
30 649.77
89 205.70
9 527.59
19 532.74
45 526.02
24 709.24
94 106.60
91 932.21
32 892.48
14 589.44
54 900.31
63 622.26
56 500.04
5 504.17
8 978.19
32 654.66
92 548.40
89 960.99
86 610.35
52 439.46
96 590.73
47 531.90
81 196.95
33 405.54
10 792.92
78 173.53
99 250.67
68 893.84
60 506.24
2 291.92
82 780.88
95 590.71
77 539.36
16 799.12
91 692.87
31 309.39
4 939.25
79 947.71
54 338.40
37 204.97
77 110.34
19 315.90
22 712.23
57 545.22
58 591.25
82 352.69
29 522.31
14 685.19
19 245.95
94 641.20
98 454.92
81 149.18
89 724.52
77 910.93
38 683.21
75 768.38
38 518.33
59 902.05
86 151.46
29 592.00
83 675.88
13 749.47
35 839.86
75 702.86
68 765.59
58 494.92
78 700.06
15 389.16
82 274.02
34 966.77
70 264.62
48 971.79
32 875.08
41 534.19
60 543.68
27 778.92
54 527.55
84 543.08
15 119.02
28 497.36
84 384.72
36 349.09
92 771.35
10 830.84
85 700.59
30 964.52
22 978.10
65 747.23
22 671.11
7 414.60
47 260.02
11 806.32
26 688.69
71 880.36
6 937.91
19 575.78
92 399.89
79 333.05
86 601.14
24 615.81
29 735.18
77 251.17
64 530.86
45 692.30
44 760.00
29 658.11
83 251.32
27 668.52
57 458.02
78 899.06
42 945.68
4 464.84
37 607.02
100 903.65
53 290.58
80 862.56
35 173.65
20 261.32
24 573.23
78 934.91
3 619.26
36 587.87
98 317.41
12 775.98
54 415.05
77 604.33
11 202.56
48 904.32
19 388.49
99 993.28
5 500.92
1 481.63
99 264.39
8 403.66
26 623.08
39 812.12
29 751.52
1 740.34
63 843.13
52 364.70
88 394.85
15 228.69
33 176.34
38 324.20
80 358.93
32 852.62
33 467.30
88 198.28
15 727.30
56 474.43
32 784.42
53 640.25
1 831.13
93 431.45
17 961.27
73 739.11
67 454.95
11 874.45
2 259.43
69 840.84
85 698.72
37 256.84
26 583.75
28 201.24
30 456.18
11 110.42
57 740.49
2 110.32
16 263.14
1 733.45
43 689.27
99 951.46
80 453.20
23 915.08
18 349.31
43 264.32
40 100.55
5 752.14
37 811.37
16 610.99
29 725.70
58 960.49
33 516.74
82 584.90
82 806.24
12 513.87
37 313.67
96 592.59
65 847.63
77 526.69
9 229.81
7 825.51
72 378.74
16 943.14
39 876.09
24 519.75
97 863.86
39 389.14
93 199.83
19 631.36
15 509.01
37 755.59
96 520.42
74 815.18
35 478.14
13 746.63
78 160.91
36 576.09
96 462.71
99 599.37
98 571.92
60 787.77
37 235.78
7 851.24
56 741.55
47 599.49
43 787.17
98 875.82
37 746.63
2 919.45
86 706.39
50 462.42
58 514.22
56 319.14
23 431.85
37 533.57
92 944.42
11 997.89
31 254.12
9 158.90
72 305.00
24 490.11
30 151.00
44 441.71
82 525.82
77 781.90
93 734.87
72 675.77
20 275.03
14 756.33
59 879.24
52 490.03
68 945.79
3 615.07
56 341.67
81 514.64
57 686.21
62 626.31
97 201.01
37 611.10
24 164.54
84 642.57
96 722.27
39 214.09
40 643.52
75 770.35
24 155.72
53 556.78
25 544.91
10 455.59
2 805.14
52 751.92
42 164.84
54 981.54
45 984.40
18 199.42
35 126.81
41 982.47
98 469.26
27 872.01
12 846.97
35 229.73
51 381.24
52 451.22
99 387.55
79 811.81
71 223.88
80 524.66
2 565.36
25 759.83
99 622.98
84 409.65
33 682.96
64 729.33
87 387.65
81 680.21
25 123.82
87 349.78
25 434.88
95 526.33
86 428.00
57 503.01
13 174.99
93 893.51
3 100.72
9 827.19
81 546.84
86 342.66
2 187.74
79 445.47
44 979.20
17 521.59
36 997.85
16 199.09
65 479.41
41 918.55
95 387.79
65 559.24
60 837.18
8 247.10
38 478.60
97 585.04
82 386.55
91 562.56
31 414.37
36 924.72
17 100.80
50 605.14
84 299.29
65 923.87
49 409.92
3 464.73
22 600.25
67 558.72
44 444.01
45 528.64
26 123.89
100 634.02
10 839.76
52 281.83
90 526.32
24 528.31
73 672.60
52 958.53
54 356.19
37 725.95
86 649.36
92 956.25
36 233.17
65 226.45
50 221.08
82 408.13
91 777.25
8 371.65
1 462.88
71 749.85
3 469.00
29 959.60
13 863.06
91 503.69
31 948.71
98 984.68
30 148.35
10 860.09
23 256.82
7 296.03
42 457.27
41 614.59
12 423.22
87 880.89
70 809.72
62 911.77
76 432.32
31 790.51
74 428.89
47 700.15
18 522.67
91 856.85
4 401.24
34 426.85
79 411.97
18 585.20
68 478.63
91 267.30
77 485.26
1 970.84
70 683.09
14 861.43
51 497.30
41 659.15
25 289.56
88 987.21
16 174.72
100 960.62
34 862.70
49 404.52
52 448.69
8 258.92
54 656.06
20 430.82
67 302.32
35 143.31
62 691.42
43 271.32
31 584.94
46 529.50
28 959.93
84 291.44
32 116.96
59 325.27
55 411.56
91 109.97
3 824.51
21 818.56
37 474.77
12 698.65
59 172.60
85 947.15
56 445.84
64 505.78
72 898.51
14 223.19
64 883.25
71 893.56
58 257.43
64 172.05
79 606.19
77 154.42
21 423.12
37 114.31
5 945.96
2 427.27
41 950.36
98 784.96
50 302.27
49 957.40
86 911.15
61 859.80
16 219.40
87 817.61
29 279.08
66 378.11
43 925.34
66 286.39
16 898.98
61 489.71
7 642.71
76 540.58
43 762.79
80 480.67
48 363.46
89 461.15
6 852.63
81 116.77
88 326.32
9 903.56
52 618.54
52 987.67
57 855.67
31 652.35
4 123.96
38 486.09
32 284.31
30 623.03
11 949.45
61 203.51
80 897.20
27 739.62
51 507.95
21 236.40
6 438.49
84 310.57
59 192.68
8 834.56
8 334.10
22 642.64
53 541.44
64 637.52
90 902.19
91 104.42
3 352.73
79 333.70
44 647.56
29 395.45
91 698.03
70 946.22
65 111.05
90 576.50
83 977.46
23 605.44
91 697.17
34 543.92
2 506.99
57 295.99
98 835.79
83 981.93
54 347.47
3 334.06
55 414.27
75 151.33
62 345.70
76 373.17
68 961.29
41 847.79
25 497.93
26 176.18
37 274.28
53 352.62
96 871.70
7 636.25
8 874.50
54 459.06
36 537.45
84 471.33
73 426.76
98 435.81
4 503.07
26 825.01
65 989.66
63 670.26
15 659.27
10 584.13
99 978.42
89 844.00
74 675.85
34 195.72
13 898.53
61 401.05
81 887.64
31 463.31
13 116.10
28 491.71
69 871.09
66 580.27
12 236.49
87 356.43
37 298.99
10 264.88
12 634.10
26 502.81
51 763.04
54 435.19
70 262.87
70 732.16
65 133.11
57 870.64
22 210.09
99 418.15
5 827.14
58 322.15
23 885.90
19 679.78
100 603.60
60 529.20
6 325.32
55 549.49
74 320.90
53 101.54
50 245.90
50 879.66
49 485.96
53 361.09
51 420.14
53 868.16
59 795.21
85 610.70
67 423.17
9 643.20
50 396.71
61 864.01
22 959.39
37 573.26
26 817.94
17 818.32
16 184.26
20 681.01
4 106.55
52 799.24
82 279.32
64 395.63
60 857.07
72 262.41
28 320.08
68 859.24
53 676.83
86 508.87
87 745.41
5 553.40
83 527.44
1 741.34
1 932.78
93 720.06
83 397.00
35 349.68
75 978.40
29 665.08
34 882.12
35 540.61
87 650.61
87 497.29
84 297.00
5 271.65
84 199.46
5 276.56
85 577.50
3 462.87
100 582.33
77 558.53
34 503.47
79 459.14
55 677.35
11 875.54
17 505.38
83 220.07
43 490.50
8 312.00
97 662.39
7 136.54
10 123.59
92 770.37
28 417.08
22 916.81
27 519.75
90 505.51
30 408.85
11 177.41
53 629.84
55 479.70
43 480.61
2 373.35
24 466.94
11 198.01
22 142.35
16 989.63
91 948.42
99 557.96
1 601.81
93 632.86
56 177.93
89 740.03
94 788.71
95 415.11
81 618.10
38 881.97
7 880.97
79 308.14
99 692.88
27 267.95
53 360.39
18 770.58
31 994.51
75 668.97
42 518.09
98 300.67
65 158.37
7 981.32
94 614.50
16 951.00
29 978.00
39 514.62
2 532.66
69 489.22
84 703.54
15 467.41
63 630.17
12 918.24
32 613.83
90 176.68
17 684.33
79 326.88
13 141.04
43 753.39
59 965.47
26 828.08
25 220.26
7 851.17
21 723.27
86 622.65
81 234.83
72 646.52
99 508.06
85 841.71
11 358.17
4 900.76
59 324.56
97 146.57
36 144.47
99 952.99
18 892.61
93 421.46
22 395.25
52 660.40
5 934.42
98 198.96
46 147.60
99 281.60
82 484.26
9 794.33
65 730.29
41 826.19
80 155.82
14 170.51
74 782.40
28 497.21
85 639.56
84 736.91
51 371.15
73 295.45
34 867.44
22 753.13
58 185.33
62 404.63
50 620.79
42 925.98
69 627.85
14 878.28
48 818.26
70 441.41
89 588.62
83 888.16
36 960.14
52 186.69
90 315.69
10 672.01
12 502.83
15 706.88
40 226.67
65 389.93
62 878.18
50 685.22
30 962.63
88 102.05
94 932.69
45 174.04
82 804.44
93 413.19
92 896.40
60 671.03
99 144.29
92 917.38
98 185.31
31 862.52
39 880.41
27 418.62
11 877.91
64 622.74
1 819.29
44 958.51
58 832.63
4 946.01
100 823.90
40 638.62
31 316.66
9 928.76
74 964.41
62 791.52
91 838.62
69 111.83
62 930.59
77 161.28
2 492.97
30 136.06
68 876.56
6 982.56
3 416.34
96 739.76
47 445.40
71 848.12
24 609.06
64 999.18
60 733.73
53 741.99
58 235.99
45 729.92
100 254.37
98 164.60
67 644.93
21 353.77
65 485.63
80 231.72
88 535.83
40 599.19
41 579.49
15 317.37
85 605.04
72 974.53
18 189.26
65 511.77
56 910.06
64 394.51
3 172.72
54 324.50
36 493.77
38 118.22
56 800.55
60 480.43
98 774.52
85 527.00
3 959.44
100 834.12
51 282.95
56 965.87
55 158.27
53 377.24
24 512.05
8 755.76
67 170.07
34 789.38
31 990.39
38 853.25
42 711.08
61 928.41
28 560.55
85 505.32
86 424.19
72 615.26
90 776.94
74 209.89
25 664.46
36 943.67
100 891.93
15 733.86
59 716.86
42 210.01
83 965.91
44 150.92
45 971.79
42 311.95
91 134.18
100 894.86
19 605.83
13 337.23
25 178.94
68 588.44
79 246.98
72 461.19
29 162.89
64 774.47
5 395.70
35 966.28
78 515.00
71 807.27
82 615.74
40 328.20
18 880.54
31 542.84
57 684.46
91 576.76
81 107.64
7 414.45
34 158.28
80 495.63
98 833.84
93 766.14
91 777.80
50 482.27
37 784.32
12 908.31
37 419.32
5 300.81
84 569.97
34 805.12
12 879.50
36 657.25
94 636.82
35 859.65
66 593.57
69 605.11
7 369.09
20 517.60
21 901.13
79 566.71
26 718.42
61 420.48
62 546.31
52 939.05
56 233.36
8 956.68
35 272.01
39 563.49
98 203.06
15 727.91
86 140.52
5 460.35
21 607.59
50 427.99
92 177.93
92 651.89
21 866.02
71 838.20
66 306.67
42 166.68
87 166.19
98 899.97
53 309.64
84 256.64
90 287.45
38 946.51
10 468.64
76 143.01
72 277.51
67 572.59
9 466.35
64 677.62
54 628.96
35 407.46
100 262.66
91 779.68
94 837.22
4 639.20
32 990.80
86 569.08
77 462.43
54 405.36
93 201.86
90 381.18
66 810.15
64 310.08
23 975.31
79 312.04
92 862.59
93 980.85
71 427.14
35 859.26
54 749.92
57 422.03
15 412.28
3 561.71
91 558.52
56 106.78
38 282.25
15 860.05
81 454.98
5 358.37
12 225.72
3 212.47
38 249.48
13 435.22
17 680.36
56 427.31
2 316.53
45 715.53
22 250.12
27 188.72
41 479.47
57 569.40
36 144.90
56 286.44
43 486.71
91 801.46
94 810.66
61 610.84
75 223.78
45 822.28
95 639.49
69 330.90
18 390.34
46 798.78
81 111.08
8 197.39
5 801.03
10 566.36
98 401.73
5 849.24
18 699.07
56 209.60
6 612.33
69 564.86
36 440.24
67 469.98
96 910.94
49 841.90
32 726.84
30 670.64
94 314.59
62 604.81
5 402.92
57 666.05
18 254.70
56 473.77
55 843.96
25 668.84
4 878.58
50 559.27
54 419.86
64 125.39
67 810.49
18 981.47
39 329.56
25 404.20
71 229.59
35 689.33
77 241.72
60 380.56
20 917.04
59 833.10
46 785.52
96 770.48
18 228.89
19 856.26
81 545.12
89 342.85
5 125.14
89 726.95
53 368.72
57 901.44
96 994.69
28 916.71
36 427.49
51 380.28
50 178.79
80 991.97
98 677.25
6 455.18
42 906.81
51 179.59
59 858.39
83 240.86
46 598.69
84 160.64
13 952.92
73 920.83
82 441.08
87 424.49
66 183.99
69 613.30
34 875.03
5 391.93
99 922.76
46 646.94
2 781.90
29 505.95
75 124.49
7 662.04
66 971.43
78 223.87
36 202.74
24 347.67
94 176.94
65 530.21
53 965.55
19 614.11
14 818.87
21 478.00
33 872.79
30 262.82
62 344.26
4 816.78
1 360.90
41 104.03
85 906.75
62 349.80
90 756.07
53 914.81
2 985.06
75 931.20
26 476.34
55 985.43
91 432.17
50 666.54
94 525.39
88 770.03
77 278.28
36 638.04
75 569.36
8 108.11
59 202.51
70 820.37
31 965.84
16 646.38
72 674.65
86 914.77
23 195.41
34 513.06
71 532.32
92 995.58
75 222.69
47 549.21
10 952.91
2 454.97
86 171.14
85 455.16
33 239.33
94 991.17
18 195.04
89 654.15
57 704.63
2 288.45
88 252.90
57 435.48
34 597.29
7 870.02
56 371.78
3 408.54
27 912.73
65 907.22
6 507.54
24 670.46
83 504.46
46 175.73
67 427.06
44 401.37
61 558.67
17 924.69
74 337.96
26 344.55
91 231.73
40 951.56
95 424.31
57 517.01
96 917.42
2 130.91
13 202.85
59 336.36
34 376.11
21 964.54
57 498.25
70 252.13
82 543.21
5 607.12
41 459.59
65 516.11
71 313.30
16 586.91
45 945.23
14 883.21
9 796.75
79 105.30
86 119.89
22 764.10
39 996.45
10 106.50
100 361.60
64 614.58
87 483.12
25 892.08
49 338.87
52 733.66
70 549.45
10 797.01
33 690.58
27 696.97
21 281.46
55 689.49
80 823.05
68 316.25
28 304.58
98 926.17
28 856.29
14 427.75
61 176.00
7 619.38
91 532.54
93 159.37
82 255.07
74 551.53
32 163.41
35 213.44
54 330.42
64 312.08
86 960.85
12 202.68
49 156.99
55 505.67
47 851.13
69 539.81
34 907.20
17 129.30
77 764.89
24 823.34
66 257.66
13 473.18
68 256.50
6 699.49
46 129.90
57 567.22
43 436.26
66 166.26
17 926.79
63 268.87
93 321.29
14 898.89
68 411.93
17 298.96
68 394.01
13 879.96
13 462.13
86 645.36
34 265.21
99 121.40
4 908.06
86 875.22
47 689.09
17 333.41
77 906.21
99 247.48
54 176.06
15 694.45
51 926.77
69 222.72
37 510.34
71 725.94
72 463.88
54 539.71
47 600.23
12 323.57
100 240.90
42 729.92
44 299.66
79 662.75
31 885.13
29 763.59
73 346.75
13 387.27
39 516.58
63 354.38
37 230.69
65 270.10
42 287.50
68 247.30
79 414.55
30 411.31
78 556.00
14 493.84
31 114.32
59 954.77
1 672.72
30 553.64
98 366.16
35 775.00
36 339.35
94 486.19
46 467.78
97 601.15
34 257.10
19 589.03
61 228.55
31 115.29
71 747.42
48 930.26
44 390.20
83 691.24
40 713.56
99 820.92
42 961.16
95 473.71
93 162.15
6 143.14
39 248.92
46 321.43
70 997.76
93 339.80
52 133.83
52 191.09
13 534.51
76 663.30
93 424.51
94 329.11
14 456.19
70 897.06
30 275.39
97 679.44
58 113.29
77 444.64
74 196.81
82 285.98
64 976.21
54 285.87
29 144.21
64 472.81
9 681.08
39 501.40
1 236.05
83 843.59
34 386.99
26 179.34
90 346.95
10 501.50
72 383.24
37 844.91
9 247.74
81 702.44
93 636.04
65 765.16
57 831.92
36 412.97
11 654.30
61 868.79
3 182.02
10 516.06
26 697.38
76 946.34
100 279.35
9 433.27
76 794.35
50 674.34
57 203.82
51 369.77
55 821.38
48 487.94
67 677.26
100 203.84
76 666.62
96 434.89
2 168.45
30 712.34
24 451.70
70 185.64
79 540.75
93 450.70
33 653.48
15 132.48
75 572.31
20 714.32
91 278.38
81 393.01
93 799.88
5 598.26
75 189.18
95 948.25
56 957.10
58 545.79
7 316.79
67 720.70
10 306.79
59 791.75
57 323.01
47 287.14
99 843.57
94 525.94
93 195.10
46 986.31
80 636.23
45 901.44
2 674.19
22 126.81
42 818.01
67 306.26
20 580.81
51 395.26
9 689.33
31 416.51
62 117.96
4 525.49
39 521.82
26 467.44
78 482.67
46 765.78
98 926.48
28 856.02
63 665.45
94 617.77
75 238.94
8 898.44
4 462.67
95 664.61
87 804.55
67 600.82
21 186.25
78 574.80
75 995.03
24 670.07
81 851.76
32 522.03
18 114.01
92 403.78
87 835.85
17 952.40
92 431.55
28 796.84
9 746.74
38 878.74
96 207.45
64 668.32
15 498.65
17 867.17
97 832.43
39 766.02
44 803.05
35 226.44
48 266.50
68 665.97
34 772.61
84 764.12
25 750.63
77 716.83
34 775.72
75 708.38
91 411.24
81 678.08
47 119.91
41 225.33
20 919.72
1 613.00
17 122.65
55 633.76
8 450.55
13 799.01
27 138.00
99 996.53
74 221.19
30 778.16
4 416.46
79 657.66
5 659.05
49 660.50
27 958.59
31 978.39
34 144.27
50 790.12
65 156.48
8 848.34
74 211.56
86 563.39
24 584.03
84 398.75
90 826.86
16 915.79
22 263.89
66 457.78
96 817.73
32 878.58
3 273.30
70 396.89
6 217.26
29 898.34
78 287.28
91 152.52
19 338.45
41 574.79
69 618.74
23 310.92
47 554.95
38 798.65
36 741.58
38 906.77
20 219.12
68 712.92
53 302.16
75 697.91
71 814.23
78 460.03
41 315.82
84 661.32
70 776.71
63 847.11
5 363.84
30 227.36
29 789.33
80 516.76
13 914.59
98 109.61
74 488.05
61 658.08
20 359.24
79 329.93
83 618.26
27 967.58
64 966.47
23 413.68
86 255.52
90 698.22
79 191.86
34 805.24
95 614.00
38 928.39
37 525.88
56 648.30
65 960.58
34 455.15
40 515.09
40 705.29
73 350.93
11 258.93
68 722.44
97 489.68
39 866.52
59 679.79
5 975.73
43 584.13
88 918.56
44 355.74
40 493.21
75 225.57
33 637.36
10 898.73
87 644.50
57 610.25
16 944.99
2 987.07
1 139.84
28 610.10
77 617.46
40 802.63
47 435.49
46 975.42
56 147.91
11 605.97
41 899.64
46 688.65
32 228.60
94 630.74
28 987.39
94 456.21
15 651.38
11 931.22
1 231.23
33 909.27
54 739.44
69 974.90
55 867.23
76 959.94
62 986.59
40 410.97
56 229.20
100 643.66
41 325.07
88 142.98
73 123.85
25 304.35
98 299.95
38 875.74
93 264.37
67 208.06
81 214.46
3 872.72
80 749.69
9 967.88
99 389.93
67 148.48
25 761.83
63 588.25
10 370.40
59 318.51
39 847.70
50 636.77
3 731.71
63 703.41
54 485.63
15 442.28
89 593.24
25 954.45
85 186.10
98 901.11
37 222.87
12 266.42
69 978.26
98 646.24
60 809.84
10 539.21
24 490.64
28 654.91
55 766.92
68 932.66
17 890.37
2 601.88
16 456.74
59 523.13
54 660.18
98 859.02
21 744.18
77 915.35
85 151.34
40 185.33
68 742.60
70 150.42
34 982.96
75 637.57
88 618.07
61 810.62
85 931.84
35 797.95
7 894.32
29 890.70
89 987.90
43 430.60
46 531.07
78 850.90
53 908.23
45 416.68
20 237.07
12 771.48
16 574.09
48 746.66
3 144.28
11 395.99
42 449.06
93 272.19
61 965.85
35 425.24
85 990.79
4 903.39
87 799.53
33 579.59
83 275.68
85 399.74
6 524.30
78 791.44
84 265.89
74 906.50
33 870.89
83 356.74
60 311.02
40 738.06
67 540.88
4 903.20
100 783.62
13 119.41
33 889.92
50 214.36
53 683.21
77 195.60
12 556.75
49 161.20
57 749.00
78 244.14
31 286.83
30 341.51
35 947.27
8 527.35
52 823.54
36 675.84
16 512.95
80 503.06
81 913.73
64 773.74
66 188.73
34 231.68
100 492.14
73 491.38
50 716.76
75 339.42
52 682.19
10 729.99
42 944.47
59 643.73
6 449.70
26 643.87
77 757.00
15 664.45
69 428.02
49 686.13
73 860.73
66 957.09
17 869.45
52 742.86
56 537.95
56 994.94
27 604.37
73 512.38
56 422.31
7 461.33
59 468.86
35 320.15
40 285.70
55 495.44
75 478.28
7 835.91
30 145.71
81 198.66
3 593.56
68 188.07
1 243.50
93 960.81
45 119.80
44 279.58
96 545.29
56 454.96
89 929.37
62 339.88
24 513.41
93 995.73
39 743.39
89 339.22
45 467.50
88 297.26
78 582.72
46 678.03
100 143.92
50 479.06
77 702.65
30 335.15
21 621.59
25 689.14
37 959.86
46 161.19
13 591.22
47 920.25
1 630.23
4 236.96
92 387.08
41 597.86
21 574.87
51 831.81
42 942.92
74 343.93
56 635.88
85 999.10
1 476.50
95 375.77
52 854.07
62 186.62
18 599.28
99 212.90
51 588.71
84 716.18
46 510.70
28 777.32
64 228.93
44 320.61
48 961.41
44 879.31
58 437.80
80 148.93
92 523.00
8 158.39
65 821.47
62 717.11
31 487.11
31 966.25
53 399.72
47 218.37
64 876.17
59 912.43
14 708.28
37 369.00
83 539.14
98 601.60
68 544.88
36 383.21
14 681.52
55 819.28
59 945.70
78 379.04
89 845.19
96 888.49
12 671.50
85 709.45
4 732.02
25 790.87
17 939.91
28 750.26
73 287.51
43 170.67
59 905.90
69 134.78
96 369.89
89 784.94
2 863.44
94 344.33
100 610.40
90 361.74
12 633.97
38 937.56
86 940.77
90 191.16
37 241.95
76 528.02
72 437.52
68 306.32
26 402.02
57 798.99
26 791.50
53 640.63
2 309.11
31 702.24
27 160.71
74 532.05
72 379.62
29 671.59
90 353.87
4 789.03
22 464.38
61 377.24
99 936.05
16 655.72
48 304.53
3 809.48
12 920.27
3 620.37
27 803.15
73 254.87
35 306.81
30 783.79
84 867.58
90 294.26
26 533.30
10 248.59
52 230.50
44 739.83
76 661.23
7 192.75
97 278.46
69 561.97
8 886.51
73 252.34
63 783.92
31 714.20
27 228.46
6 687.05
5 480.02
77 647.97
14 227.21
50 528.57
73 292.97
69 857.25
54 939.52
66 119.72
37 132.39
57 757.85
39 186.28
35 541.41
72 304.80
14 451.49
17 427.39
32 904.48
23 621.99
36 760.31
36 284.41
95 214.52
15 218.42
16 272.47
50 724.87
26 614.97
85 749.72
56 178.87
37 184.95
59 740.67
53 616.93
71 475.73
10 332.49
7 365.76
73 192.68
74 711.49
88 858.75
67 354.09
83 412.37
71 931.45
58 726.24
83 269.01
77 646.36
78 763.35
18 280.51
78 443.69
1 717.19
82 229.40
34 513.26
88 155.45
91 265.26
47 325.05
40 577.38
11 594.13
98 738.28
39 989.28
13 202.18
65 993.77
82 324.88
100 686.87
13 893.52
82 432.46
87 267.54
54 247.54
55 293.98
29 366.92
20 789.32
69 919.43
8 229.68
43 999.79
52 688.63
53 256.89
80 666.93
41 968.32
93 314.01
22 767.69
100 222.01
26 503.96
86 527.48
28 801.82
42 624.67
35 134.46
17 806.01
53 325.05
55 449.98
90 125.35
72 755.58
8 144.90
17 868.19
96 493.97
99 537.12
10 214.09
28 818.73
92 539.32
70 139.50
28 481.88
1 423.26
65 904.21
63 629.79
41 544.89
77 573.14
99 149.51
58 725.77
42 400.83
88 918.15
24 781.74
50 847.06
89 345.37
14 541.27
82 315.02
21 975.39
74 420.82
25 619.27
98 597.57
84 910.62
46 467.40
75 125.45
34 376.82
37 475.34
94 550.96
52 756.70
96 123.14
10 147.32
73 194.95
32 450.54
18 915.31
49 725.43
19 835.18
96 886.11
2 155.53
58 907.72
76 663.92
45 370.72
76 316.16
18 462.73
2 119.73
96 809.95
5 729.91
55 612.16
28 783.21
14 222.84
17 260.14
94 298.41
15 935.24
13 764.69
36 230.80
69 241.43
5 102.45
18 441.29
84 301.42
94 341.27
17 619.57
84 804.39
43 366.77
58 749.37
25 565.70
53 845.45
84 508.63
13 170.27
48 968.35
91 214.76
93 793.07
75 489.56
39 596.77
42 737.39
80 578.62
33 876.41
32 958.74
87 447.91
24 416.77
15 643.28
82 786.50
69 954.33
45 197.41
100 479.83
11 781.32
68 673.42
100 641.68
53 968.55
48 433.15
63 408.28
44 965.39
36 610.83
40 332.01
58 102.60
76 565.43
94 393.95
76 448.61
100 475.58
46 550.99
44 672.41
48 276.11
63 238.14
91 551.78
57 337.10
24 615.86
46 888.17
76 154.54
31 478.73
64 290.15
56 116.97
61 480.39
32 923.15
45 402.15
24 711.03
51 244.02
3 100.90
4 663.36
44 286.60
9 174.84
53 752.53
27 353.55
85 671.12
75 517.10
22 599.76
27 629.81
18 895.05
97 329.45
96 493.09
6 768.01
27 696.43
9 251.64
53 235.84
36 590.42
41 181.96
8 724.41
67 278.10
70 968.85
26 631.16
25 989.89
98 250.55
58 433.61
24 376.40
62 728.97
38 265.96
23 898.42
18 980.37
79 674.43
5 120.67
20 566.51
54 605.82
92 294.61
7 667.93
54 550.96
8 590.34
63 582.63
66 994.98
61 959.75
37 381.61
48 674.73
20 491.58
48 500.41
96 710.46
82 383.36
38 134.61
65 200.64
39 391.10
84 243.61
58 270.53
8 935.89
15 962.12
82 408.78
81 107.18
7 714.78
98 742.16
19 360.42
67 195.29
26 368.15
61 792.83
4 736.69
28 704.39
23 965.66
20 921.48
30 611.95
75 889.12
89 919.23
98 542.13
35 223.51
86 465.99
14 889.30
67 255.28
13 263.72
70 319.35
16 274.70
66 586.85
22 778.78
63 321.17
28 360.76
59 592.45
98 763.20
13 393.53
99 366.32
14 266.21
90 206.17
69 788.99
10 768.54
18 245.55
39 606.19
95 819.35
45 974.58
88 531.42
26 401.59
34 755.17
39 999.51
100 999.36
5 567.84
27 763.11
72 667.54
70 952.67
6 537.52
78 634.44
53 293.45
68 577.62
41 862.51
15 265.23
31 658.68
56 773.30
24 145.57
9 869.07
48 967.58
45 211.69
44 251.92
95 482.14
73 191.96
25 605.05
94 464.40
77 846.55
91 238.17
33 962.60
76 456.62
24 783.36
80 671.61
84 721.29
38 422.54
83 921.37
26 803.10
55 441.17
59 461.16
12 827.04
14 305.22
40 379.13
76 621.05
49 649.95
32 750.14
11 574.60
21 980.50
75 345.35
85 707.16
11 674.25
40 156.58
57 927.06
7 288.23
75 534.37
82 709.81
58 510.35
40 478.46
21 541.22
96 252.00
72 346.92
81 369.93
70 341.72
61 518.77
4 417.11
32 390.75
19 393.85
62 181.76
65 804.74
69 633.87
9 105.48
5 162.05
57 107.88
27 120.18
86 909.01
70 288.15
25 122.51
12 923.92
39 956.42
54 839.91
9 589.76
59 154.13
58 851.00
19 461.22
100 941.03
45 392.01
73 974.61
83 680.57
29 491.91
99 829.49
100 200.11
100 725.90
80 909.87
26 249.44
69 639.32
59 514.55
64 887.66
24 967.26
1 137.21
28 189.04
60 702.11
56 123.09
37 888.89
96 295.74
20 135.87
8 237.33
78 672.79
45 892.68
24 104.53
48 932.97
48 228.20
36 120.38
1 136.94
91 486.51
52 979.89
61 290.32
48 797.13
44 402.22
9 322.88
26 488.51
80 536.83
61 926.71
29 606.90
4 309.02
37 876.73
43 663.53
72 821.46
48 995.51
1 155.02
57 596.94
87 394.77
100 442.52
57 414.99
41 263.13
72 821.12
93 964.31
9 462.71
36 923.96
83 591.27
32 575.06
83 464.33
77 671.84
40 663.28
55 795.81
52 962.07
84 906.34
6 322.42
65 819.52
21 654.42
69 761.74
20 905.68
51 272.19
33 426.60
80 179.91
100 818.74
36 620.15
70 292.86
28 271.03
80 248.41
96 622.00
17 357.78
58 549.62
77 214.35
93 936.38
98 791.68
59 877.77
15 123.98
86 295.16
28 359.17
28 275.71
47 360.46
4 880.81
71 354.47
15 659.99
76 900.46
9 294.69
70 746.42
13 878.74
55 226.75
68 465.28
10 612.21
99 468.62
60 518.86
98 146.66
71 999.68
12 715.02
46 389.34
18 180.49
55 773.35
47 790.99
57 192.21
92 860.24
94 769.43
46 514.22
70 300.42
51 780.51
87 590.99
34 464.48
76 189.90
51 499.59
9 769.79
76 705.46
76 322.23
89 413.46
38 476.93
62 879.24
24 312.40
7 435.91
54 407.67
76 920.10
73 498.51
21 696.30
37 464.60
5 417.54
13 147.41
19 309.77
63 421.55
64 413.32
20 847.02
39 353.71
94 482.07
75 287.38
38 467.64
67 556.94
90 286.03
19 675.42
33 292.94
37 324.79
56 112.71
89 368.42
14 777.53
99 779.53
40 783.73
91 121.08
56 505.92
72 436.23
94 211.75
23 174.52
93 978.40
54 261.55
74 314.39
14 673.06
70 812.51
86 951.67
54 635.53
17 235.09
81 374.26
59 383.87
12 319.81
2 167.55
24 813.83
58 771.26
75 562.53
22 754.73
19 502.27
58 399.42
95 500.96
62 873.69
85 624.14
98 615.32
60 254.71
34 788.99
81 125.35
43 492.85
79 260.34
58 792.55
38 608.39
26 335.32
94 553.01
88 302.98
7 651.15
65 431.33
51 152.07
6 921.04
89 930.56
74 498.65
66 907.93
1 400.00
56 313.76
77 203.84
26 263.04
22 464.88
6 517.12
35 525.21
58 890.66
36 721.83
46 940.31
45 182.86
99 742.30
40 797.89
48 604.96
10 676.44
78 148.68
62 552.94
32 128.61
10 783.56
92 643.55
5 147.71
44 223.10
80 505.83
60 409.91
75 369.67
44 953.54
91 950.20
6 225.39
34 330.43
72 723.88
13 555.26
88 627.01
84 430.77
58 130.79
9 301.53
63 945.37
41 161.62
14 955.11
6 783.74
96 741.12
74 166.80
36 599.21
8 806.08
99 931.53
47 520.01
66 234.38
77 240.90
68 439.11
21 558.25
61 713.23
14 504.35
3 577.53
2 845.62
84 294.62
97 628.89
29 524.48
95 137.48
14 308.89
77 152.08
78 298.62
52 164.14
35 662.81
81 250.20
8 814.66
84 122.74
7 798.60
65 517.66
82 173.04
48 449.04
56 764.85
54 220.88
33 689.94
60 871.02
44 252.28
6 559.73
84 712.95
67 983.62
11 947.49
32 781.38
14 567.80
52 334.89
68 932.98
18 385.69
100 433.40
44 283.86
24 294.95
37 139.97
86 499.75
55 851.80
80 135.37
43 489.60
53 958.92
88 665.18
25 876.13
23 348.41
52 883.42
18 474.82
81 429.29
23 285.88
33 239.90
82 560.62
51 948.54
43 694.57
2 405.51
46 479.53
75 856.75
64 399.34
87 719.92
89 868.20
25 350.37
96 781.51
86 891.51
60 993.03
49 350.43
51 753.07
96 834.24
72 923.83
21 521.28
86 578.66
16 630.07
18 622.90
27 515.18
57 136.36
5 339.94
88 939.46
63 301.32
28 165.24
83 782.88
50 842.28
16 433.07
85 230.78
15 996.33
2 385.01
84 331.87
56 217.92
49 747.72
1 814.03
9 446.07
28 252.81
35 187.57
71 287.70
30 344.60
50 316.80
15 852.84
75 356.78
93 920.83
91 410.77
44 763.24
86 660.29
76 449.09
79 371.53
33 600.94
63 399.20
99 480.29
88 286.84
15 236.53
75 424.63
62 716.10
51 930.69
73 548.31
80 720.04
17 161.65
76 866.77
92 413.51
29 413.65
66 804.90
31 463.84
63 744.26
25 420.67
66 483.23
73 863.02
46 161.26
92 957.31
10 752.11
55 386.90
77 214.31
26 917.35
53 514.92
68 617.25
88 141.77
62 930.30
13 702.68
50 116.81
96 982.86
29 508.51
86 337.84
13 768.96
26 207.33
54 396.55
63 979.11
27 998.00
30 888.30
92 937.93
2 546.54
63 639.35
88 872.51
1 714.64
52 885.64
73 666.73
83 646.86
86 706.61
30 902.43
36 309.52
42 390.14
98 460.89
45 256.47
10 717.40
45 667.16
32 953.18
53 655.08
5 762.10
90 569.62
68 601.31
10 704.58
29 596.83
46 532.76
93 489.26
61 651.43
70 366.05
9 615.64
69 174.29
52 801.99
63 506.10
18 431.04
45 600.56
47 910.86
28 888.36
36 120.14
78 664.67
91 607.28
63 645.94
17 104.48
45 821.87
42 990.67
58 228.01
32 165.81
18 783.07
8 513.35
34 446.06
8 525.48
65 419.90
15 132.09
99 277.31
58 389.86
54 216.11
47 137.33
69 487.23
27 862.16
66 599.59
64 564.91
90 230.64
89 517.61
23 198.93
80 176.98
59 875.54
45 310.99
52 872.53
38 144.12
14 881.54
66 429.85
14 244.50
26 359.03
74 532.53
38 859.07
81 109.35
27 426.97
82 609.37
22 242.47
2 342.13
93 829.63
2 966.28
84 924.90
48 315.46
88 427.12
76 305.18
46 873.71
44 911.90
85 517.39
12 159.06
90 181.19
66 401.82
48 402.03
1 519.65
67 492.26
77 376.79
39 311.45
67 458.66
38 162.21
66 896.71
12 476.25
21 813.93
83 789.47
16 588.29
37 474.31
1 118.42
43 906.27
78 698.53
53 844.69
19 316.31
28 987.06
84 852.76
87 791.87
23 699.21
47 426.87
59 381.98
82 802.84
61 732.85
49 750.82
41 620.26
36 991.62
32 588.58
88 764.16
41 886.87
40 933.88
5 641.10
66 709.30
24 465.58
22 686.59
85 585.91
7 354.15
30 215.58
12 691.78
59 707.83
63 765.35
77 480.08
29 932.25
2 430.63
26 840.44
87 609.96
69 900.20
61 211.22
66 911.11
64 191.79
52 664.37
24 277.59
26 110.35
65 240.43
21 244.51
11 220.47
17 236.19
79 419.76
3 731.44
91 343.39
17 571.78
61 961.98
47 537.81
25 393.63
68 341.04
47 642.59
26 252.89
36 157.46
23 518.39
82 742.95
34 578.88
8 794.38
12 452.72
90 847.39
48 619.06
81 622.17
69 476.89
54 654.73
35 938.27
69 416.92
73 601.71
19 178.79
69 760.46
49 470.99
21 724.44
31 441.00
76 235.83
57 401.31
25 995.78
26 567.67
17 925.71
7 570.53
25 111.66
97 594.40
31 931.17
14 918.24
9 742.67
24 917.77
9 647.12
18 815.27
53 266.51
5 843.00
26 847.16
74 199.83
70 832.15
66 775.95
65 758.64
53 512.50
92 908.15
20 679.96
97 566.80
2 982.83
5 603.77
9 752.02
91 421.81
79 388.95
83 664.46
3 608.32
43 631.44
80 584.89
34 789.01
64 599.83
43 731.02
85 585.32
37 974.70
93 445.65
57 739.82
74 291.15
57 518.22
100 344.48
27 261.04
54 519.59
66 734.92
19 628.96
67 882.73
16 614.41
61 914.43
7 313.52
12 787.44
13 695.42
92 124.05
96 722.25
85 540.08
87 734.83
72 512.53
60 445.29
5 315.53
21 678.60
26 680.29
79 742.06
83 147.18
63 804.42
9 633.14
46 794.76
30 760.69
69 440.30
14 230.91
88 203.17
37 766.32
53 900.59
80 658.19
74 175.59
77 712.64
30 912.02
89 843.76
4 232.11
60 466.52
57 524.18
35 620.04
23 666.45
75 271.12
90 169.33
1 140.41
91 485.54
34 973.85
80 158.10
56 889.66
36 922.74
8 265.76
30 392.90
35 738.66
8 403.80
25 505.09
90 167.78
46 427.45
66 196.76
11 280.96
96 342.13
86 144.43
29 229.83
71 319.66
92 587.57
29 999.11
86 220.25
24 474.54
93 788.21
30 290.01
78 774.42
22 668.06
39 847.96
24 661.21
89 554.37
12 527.72
76 689.65
6 255.71
20 415.07
76 850.94
4 264.50
7 912.84
59 415.35
74 576.08
28 988.27
74 212.58
27 388.88
85 501.46
91 238.71
13 752.66
29 141.45
46 247.17
93 775.85
86 159.09
21 257.20
21 234.51
41 233.98
14 266.80
94 301.00
1 259.81
34 382.20
58 631.36
88 182.57
99 428.41
13 216.30
17 763.00
94 172.34
95 683.74
70 691.17
56 213.26
73 582.11
83 906.56
59 306.07
14 934.04
51 599.44
40 982.38
59 909.47
33 817.41
6 909.42
22 379.40
15 348.55
25 689.47
71 438.09
85 238.56
38 192.45
81 243.79
17 982.25
39 726.73
65 786.60
64 776.27
82 518.23
64 142.70
67 271.33
35 614.27
83 713.10
1 907.06
72 250.96
13 766.73
27 504.10
11 893.17
48 291.37
18 162.15
80 407.51
7 839.10
64 563.14
9 913.65
27 590.33
33 987.05
28 511.79
65 433.91
75 220.60
28 781.82
35 694.58
67 470.60
67 114.25
67 354.67
37 116.29
59 545.82
24 636.09
51 676.48
38 854.58
89 974.99
59 815.77
18 886.26
73 518.12
42 438.48
7 990.76
98 641.47
71 332.57
20 644.87
85 975.87
51 339.64
99 909.31
89 471.09
59 612.82
85 354.06
33 338.95
94 569.50
54 711.15
46 886.48
44 163.82
7 619.42
33 927.47
63 423.47
49 424.31
23 139.33
31 182.64
67 193.87
66 690.00
26 877.01
34 513.38
48 709.09
24 898.13
31 754.52
11 896.67
6 827.12
39 469.79
30 574.31
53 315.66
10 792.84
3 221.16
61 449.22
98 191.78
43 586.11
19 961.34
16 412.48
82 368.32
19 742.89
98 700.36
57 239.40
94 774.63
29 876.25
34 435.67
66 496.50
79 872.45
3 189.42
83 957.68
38 988.91
33 179.83
1 426.42
41 624.46
24 804.43
84 400.29
37 529.44
93 115.47
12 652.53
92 240.18
85 111.14
13 712.37
13 743.10
82 390.33
66 265.30
64 931.13
56 315.10
11 895.19
17 394.01
42 995.10
84 745.69
5 104.36
21 105.56
40 694.88
71 111.26
52 624.41
79 640.59
51 912.07
89 917.96
44 468.88
58 727.64
48 963.77
93 453.54
31 367.47
78 838.44
4 867.87
54 116.60
72 692.97
93 644.83
18 430.76
62 255.66
49 703.68
91 793.59
65 171.76
95 303.32
36 343.18
34 734.22
38 392.43
70 571.42
48 480.86
26 297.41
18 683.50
47 498.54
69 564.35
32 854.40
91 778.35
4 704.29
68 186.48
79 658.30
39 902.73
99 828.27
98 470.62
44 734.18
77 164.82
94 934.73
3 442.98
79 581.27
91 357.78
45 864.40
4 544.19
57 179.09
34 119.81
91 913.25
20 283.19
5 512.88
34 434.37
96 314.19
53 748.86
7 368.75
81 849.45
6 834.65
84 828.89
93 224.10
58 142.45
68 710.88
97 444.53
42 237.26
41 561.09
23 827.47
77 737.48
14 892.62
50 209.63
28 533.35
43 315.74
92 442.10
71 225.49
27 786.03
15 211.15
96 508.36
20 384.66
15 204.90
85 644.39
40 375.25
6 364.56
98 507.87
40 210.73
7 981.13
61 909.34
51 938.75
8 582.38
74 801.28
19 401.48
26 959.29
69 857.20
27 263.06
17 950.35
2 532.45
40 675.13
99 206.07
94 235.14
7 420.26
70 214.65
92 931.78
25 237.25
82 977.13
94 312.06
21 731.87
42 502.02
47 785.34
13 207.47
11 733.37
17 245.11
1 632.33
7 449.16
47 393.15
45 939.36
48 380.84
35 730.18
10 586.17
49 549.69
51 955.49
77 978.29
83 156.69
100 849.63
52 620.73
59 864.04
63 800.08
20 810.74
90 581.86
74 532.72
64 385.43
52 970.87
7 322.84
9 972.10
46 539.68
34 832.73
87 819.11
26 439.04
76 193.83
21 820.63
84 904.33
54 457.51
18 933.96
1 240.27
32 845.41
20 424.35
62 274.55
1 974.59
85 131.38
1 985.80
15 726.38
69 595.68
13 335.86
50 281.20
67 603.17
55 540.69
76 650.77
20 596.41
72 289.57
31 755.28
48 723.16
35 956.12
85 292.68
25 585.71
56 843.34
94 550.59
10 979.65
20 837.83
97 270.33
92 399.61
2 433.97
31 467.56
67 229.58
18 738.96
46 988.17
22 157.91
61 800.35
100 796.00
46 601.72
19 807.10
6 419.83
74 130.12
40 585.18
83 202.61
2 316.49
97 568.67
42 619.92
46 310.42
28 527.84
72 568.47
44 823.54
59 355.28
100 321.97
65 328.93
89 994.96
72 363.87
23 618.14
6 578.74
49 457.29
87 814.88
19 575.75
93 759.01
93 421.01
50 633.56
15 605.57
54 489.54
67 125.92
93 711.23
5 176.33
18 521.78
25 292.03
95 674.11
40 278.63
38 649.72
78 956.01
97 503.94
52 450.56
46 485.25
10 743.81
64 585.42
20 679.69
100 368.20
58 552.32
98 849.21
90 516.26
10 926.46
18 734.96
75 696.90
70 441.33
4 396.90
29 479.18
62 689.43
37 300.25
60 323.87
71 683.02
1 959.51
96 842.79
64 762.62
22 195.60
36 868.46
25 737.79
6 767.79
25 244.26
87 373.60
14 281.40
83 114.99
28 409.83
22 157.16
42 761.54
7 925.29
30 798.11
94 255.56
73 899.78
39 521.25
82 712.96
23 389.10
48 446.39
9 247.42
67 213.55
90 147.76
86 328.51
44 664.26
15 612.06
93 654.64
23 515.15
59 732.56
67 125.90
76 872.63
5 726.03
100 872.23
86 883.53
51 927.01
47 213.70
14 205.03
10 639.33
10 952.15
9 513.09
93 387.28
9 794.60
63 466.97
100 700.85
11 643.36
73 865.67
20 219.62
77 674.81
13 221.24
13 344.86
56 376.64
2 676.60
78 255.29
4 200.05
35 923.45
61 997.25
93 792.06
77 903.44
8 273.14
69 844.57
51 161.24
17 150.82
55 399.91
27 787.97
75 194.04
51 733.04
59 799.23
7 368.47
31 756.69
48 145.01
90 455.39
81 391.37
58 852.01
55 456.53
18 646.62
11 819.16
56 237.19
64 628.76
77 262.62
13 308.13
29 188.56
29 660.20
18 146.57
44 712.78
41 101.92
10 487.89
24 991.82
34 265.28
50 612.61
64 823.48
39 923.68
66 854.58
74 858.52
100 791.90
6 294.13
70 181.06
30 791.70
82 259.99
78 164.34
76 737.26
97 974.58
43 123.55
70 307.27
44 195.57
7 539.03
42 678.52
64 833.52
70 958.98
74 156.06
28 580.04
62 377.28
85 516.17
88 974.94
9 553.06
10 429.22
98 845.92
65 608.75
94 354.24
60 782.24
59 734.10
27 661.39
70 685.24
23 840.60
67 428.69
48 549.43
63 146.14
5 563.88
66 319.65
32 953.75
6 492.18
42 432.79
74 649.58
1 347.50
67 127.05
34 193.89
5 919.93
88 449.87
37 237.45
9 309.54
36 251.01
89 247.12
20 861.04
45 589.71
100 356.00
35 238.86
53 341.75
88 313.37
26 502.38
16 560.80
70 368.46
84 233.04
73 766.01
67 808.41
66 243.51
14 681.14
10 198.38
14 149.13
76 680.35
40 272.42
20 526.64
66 367.01
80 228.53
25 180.35
68 967.95
10 434.68
83 216.58
5 734.58
9 685.88
86 461.18
23 204.38
68 269.63
85 487.68
45 172.06
57 860.95
88 466.02
31 940.52
71 577.03
56 328.51
100 334.06
54 456.01
2 822.44
40 690.56
10 324.21
42 417.83
56 470.16
86 853.32
62 943.75
49 276.27
66 730.46
36 176.40
57 761.46
70 551.25
32 604.47
25 416.32
14 859.24
63 808.38
70 437.66
64 660.62
83 176.95
58 498.75
73 559.82
94 226.71
89 768.00
23 481.40
95 910.00
74 916.77
35 686.07
29 570.66
6 222.10
2 156.79
52 173.05
29 235.57
35 874.06
53 343.43
94 907.11
66 383.37
3 649.69
86 745.10
58 593.29
16 681.04
25 887.87
99 652.20
25 878.11
86 918.90
31 184.63
61 551.02
62 581.27
52 917.34
86 362.78
11 834.74
73 885.88
98 472.18
70 292.28
83 879.63
85 980.63
93 635.69
61 702.46
65 454.51
27 169.20
31 271.50
84 307.69
59 222.36
70 800.30
11 884.27
3 175.42
16 712.53
25 853.62
47 906.86
28 240.42
66 870.59
8 672.00
9 462.27
55 160.33
12 152.69
61 336.58
82 814.95
51 507.87
38 374.60
75 779.04
22 529.89
18 964.26
32 116.98
9 338.24
29 638.04
1 716.93
95 989.14
15 567.70
77 531.79
31 520.97
38 732.67
40 396.32
92 254.67
11 330.31
8 140.25
6 833.73
95 333.79
35 510.84
96 823.15
63 478.73
97 695.27
15 972.13
28 392.18
88 689.43
99 740.85
87 276.96
92 891.93
96 786.66
95 534.21
15 261.48
47 935.17
44 875.40
96 138.34
1 367.82
57 268.18
69 446.23
99 297.85
69 822.33
29 496.59
1 774.82
23 760.97
13 927.47
34 611.81
58 402.07
88 340.84
78 965.81
76 277.07
100 345.93
39 287.31
53 256.15
6 385.66
57 466.92
61 452.92
100 324.87
58 588.64
96 634.81
10 730.04
85 999.72
70 411.58
39 117.18
40 800.30
4 170.41
67 312.16
12 414.85
70 746.76
72 210.02
24 884.24
87 119.40
64 388.00
26 551.61
46 607.61
23 773.75
82 482.12
54 261.19
87 984.45
97 695.08
9 644.85
15 113.88
87 142.73
66 190.01
93 763.28
86 871.23
5 213.54
53 546.98
11 197.93
1 377.29
63 851.00
73 565.70
17 867.56
49 634.86
41 978.61
89 632.86
86 487.84
96 911.41
17 229.28
63 688.56
47 155.06
22 270.25
8 641.36
24 309.72
15 663.77
85 798.58
17 754.16
69 266.56
31 921.30
91 949.77
71 988.22
16 978.08
43 731.71
75 710.74
4 285.73
34 929.66
2 580.86
46 614.86
16 621.28
28 607.93
53 825.03
32 451.19
98 611.15
30 182.48
28 365.12
21 221.28
88 983.43
98 668.01
51 578.07
82 849.69
10 366.36
23 321.97
68 480.47
10 345.39
25 479.92
94 213.50
99 570.78
50 286.50
74 125.81
86 534.78
40 894.65
39 168.93
14 829.05
68 905.17
86 236.52
95 917.81
77 542.39
17 855.13
25 190.84
50 940.74
17 936.36
55 167.09
51 608.81
54 180.73
80 261.34
46 107.17
2 706.01
51 878.34
79 161.14
73 821.09
69 833.18
84 187.25
42 120.74
92 947.82
83 348.36
63 344.55
96 644.67
100 715.43
3 934.84
74 344.38
17 802.13
22 883.89
21 177.75
56 692.07
38 790.24
35 600.12
50 133.90
33 999.47
87 739.74
44 777.36
5 110.13
9 850.79
50 970.75
86 248.55
85 146.91
52 569.46
25 797.74
36 228.07
51 294.96
86 788.96
30 808.30
27 964.14
12 855.67
91 407.03
69 703.35
84 527.39
85 577.67
96 491.17
26 420.87
26 991.52
61 784.94
6 950.87
69 358.98
74 491.18
39 434.73
77 975.65
72 248.74
35 319.57
79 479.25
8 732.95
85 288.56
44 408.68
22 875.49
39 542.40
43 590.59
87 903.20
55 671.54
87 138.89
10 550.52
64 691.61
77 832.40
94 570.68
36 977.74
23 497.13
56 247.93
19 502.36
62 634.89
4 688.65
14 658.75
70 683.25
38 716.73
89 509.45
47 741.62
35 337.47
60 948.12
16 602.27
92 277.04
65 119.05
68 222.44
85 233.70
85 105.60
23 703.21
77 570.48
75 558.50
16 788.45
42 875.55
68 126.58
97 951.73
45 556.36
86 940.94
40 159.71
64 258.37
58 205.61
88 987.35
46 884.38
9 168.75
19 812.10
93 815.67
88 410.45
5 372.58
43 492.77
33 292.37
24 347.98
39 173.15
69 676.15
19 706.56
56 680.41
48 857.12
73 431.39
43 513.28
83 666.99
18 651.49
9 339.37
25 110.11
59 439.95
99 258.58
80 381.44
