5000 1000000
43 257.73
79 701.89
61 946.97
39 655.59
10 378.35
65 245.81
51 759.53
63 204.10
25 540.47
94 922.38
4 767.29
61 200.92
35 682.14
48 692.53
10 848.90
71 232.57
35 679.78
90 230.32
76 289.03
47 221.25
75 665.03
26 895.10
72 522.51
36 357.72
71 910.91
42 690.35
65 357.36
15 654.41
46 338.44
93 842.16
35 594.79
58 827.35
26 891.18
100 880.22
94 970.45
61 708.71
54 938.88
57 235.47
2 433.18
90 969.26
52 227.49
96 318.46
24 759.32
9 648.49
40 167.77
10 499.72
66 598.50
71 204.60
4 284.21
64 403.02
36 223.81
62 687.93
51 845.83
56 485.30
37 706.77
2 166.80
84 904.49
67 291.03
50 828.25
67 608.56
30 706.88
33 179.30
48 311.39
23 595.14
59 238.70
81 628.75
73 910.47
36 568.19
29 499.81
84 792.34
88 314.51
77 323.11
68 223.96
20 432.25
33 777.31
76 559.35
77 519.54
40 922.10
34 783.48
74 173.68
51 981.03
77 189.55
71 646.08
41 729.28
40 467.50
73 806.59
7 661.78
85 323.82
39 473.37
98 991.87
9 331.80
81 258.66
50 317.61
53 312.51
81 869.08
54 840.46
25 999.60
5 777.21
37 532.65
60 465.41
79 115.15
72 383.29
9 378.69
64 295.83
43 265.52
40 488.76
62 631.13
14 238.00
8 762.69
8 211.06
69 750.90
42 265.54
92 625.09
46 601.55
9 857.40
32 659.15
77 712.22
78 177.02
47 748.73
78 944.32
10 841.72
4 738.15
34 903.71
54 900.11
34 767.12
29 930.97
56 549.78
86 285.67
80 505.17
8 695.70
97 653.44
3 448.65
42 682.61
4 462.65
43 958.97
2 681.55
18 196.14
42 211.88
46 369.10
47 465.46
17 163.58
8 946.22
64 549.85
14 631.09
93 758.42
36 655.44
62 986.76
88 537.95
79 665.92
3 429.10
40 775.24
4 951.71
18 970.94
34 191.89
40 544.81
28 364.80
75 416.60
89 834.55
94 428.90
67 547.71
71 909.25
74 358.05
98 943.82
36 544.58
77 599.73
19 884.72
45 419.27
47 292.94
29 398.86
64 849.93
50 389.70
70 297.11
62 674.53
78 115.58
6 228.68
14 536.81
60 985.80
63 248.11
100 896.83
14 771.42
21 724.32
90 365.24
61 650.42
35 359.90
66 802.05
57 247.13
63 553.80
99 202.29
24 934.91
100 776.44
13 471.43
32 543.01
9 157.14
73 941.29
84 299.55
99 479.97
3 996.67
50 807.83
85 793.99
51 153.79
45 592.81
65 152.23
2 337.53
80 695.04
28 754.87
7 396.86
6 781.52
3 165.78
61 815.48
90 838.05
99 513.29
45 211.42
39 913.36
90 220.71
63 936.29
69 384.16
74 372.83
25 528.05
33 862.20
62 716.60
99 592.92
100 173.93
53 808.39
36 299.51
34 238.11
80 678.05
20 362.41
14 211.90
59 117.65
36 947.32
10 786.04
65 657.73
78 232.88
45 374.70
96 701.98
15 151.69
76 378.05
63 187.21
36 424.79
68 719.31
81 329.87
49 917.73
72 320.52
47 213.97
85 978.10
53 882.51
85 155.93
25 359.08
53 129.42
68 781.27
72 444.17
68 329.94
74 776.97
49 959.59
43 351.90
78 970.92
8 968.39
92 534.88
5 928.77
49 830.51
45 201.19
40 294.53
64 839.06
48 829.89
11 133.81
99 657.85
71 713.29
41 366.36
81 224.01
45 114.10
55 164.74
86 545.72
3 553.97
21 122.67
32 150.15
77 785.54
7 640.47
33 458.51
89 222.12
28 400.64
41 544.34
41 467.38
25 520.39
83 323.45
23 657.75
83 558.10
8 204.76
46 544.59
7 502.14
56 503.29
7 675.26
20 928.56
44 727.78
81 150.27
88 627.64
20 995.58
19 234.20
74 797.87
97 708.56
43 438.77
63 552.60
60 381.03
39 910.36
89 244.53
4 535.33
75 989.82
37 698.20
69 198.30
27 629.95
57 307.29
16 519.44
37 911.32
39 595.89
100 479.33
73 492.71
20 304.81
27 223.09
90 811.05
97 358.77
4 382.10
7 114.84
20 899.31
64 936.37
84 420.21
43 723.03
64 486.95
25 421.75
3 524.61
95 717.18
85 326.00
74 186.23
93 827.56
66 880.26
74 877.10
60 149.66
48 963.38
13 718.60
52 691.22
45 703.56
10 229.30
90 359.37
95 478.67
5 993.57
7 746.78
14 371.79
88 550.20
14 843.42
34 682.94
45 244.66
36 892.55
47 389.14
28 148.15
65 921.43
54 637.55
52 839.53
84 204.41
88 736.10
41 198.35
87 803.23
11 211.74
1 699.97
67 179.34
25 152.39
12 418.24
20 295.68
13 516.63
67 580.67
16 183.11
6 106.32
23 619.88
29 882.04
80 715.35
5 894.46
24 404.52
53 491.46
61 633.65
3 106.22
13 858.31
19 764.09
70 354.83
43 933.71
95 322.91
9 823.90
64 730.88
49 908.11
41 723.91
28 590.27
36 256.51
7 614.96
45 642.39
84 220.57
46 206.29
87 917.90
89 951.32
88 163.80
4 184.86
88 461.89
69 240.76
86 880.23
62 728.41
70 979.73
61 832.47
4 516.85
65 782.73
81 703.41
80 195.62
92 806.77
20 499.26
10 252.78
23 278.77
86 380.56
18 103.79
76 570.60
53 906.65
8 446.89
70 857.29
13 889.79
87 857.54
73 205.11
51 354.49
25 216.04
39 531.50
61 916.67
34 151.84
79 714.17
46 237.89
87 404.79
97 689.13
69 326.75
65 790.49
78 568.09
75 191.72
5 121.03
78 328.02
18 464.09
47 274.78
22 577.28
4 473.55
84 851.10
49 169.50
92 704.91
19 427.60
62 118.20
24 504.53
43 405.69
82 354.35
59 224.19
77 163.97
73 359.42
4 766.19
4 106.63
75 858.84
20 163.46
76 579.79
71 621.40
52 244.44
20 295.51
80 430.98
86 131.39
75 897.90
43 993.79
83 583.35
4 204.61
80 992.30
78 964.74
37 288.40
68 631.71
44 958.08
35 232.56
9 131.91
53 584.17
86 903.96
46 622.60
78 513.48
91 512.41
49 405.69
43 504.96
88 636.67
53 571.75
70 801.57
11 407.35
39 959.55
47 130.99
17 237.74
71 126.39
5 624.10
28 842.85
16 696.80
32 738.42
41 522.52
79 938.66
63 993.38
35 206.03
88 513.56
25 686.65
56 746.82
58 844.06
98 812.84
41 852.78
68 863.33
2 800.43
26 882.86
43 966.59
42 988.13
75 330.62
21 544.08
11 819.53
97 561.97
6 856.59
88 704.22
82 252.95
40 147.49
74 426.13
31 186.47
21 622.63
75 654.35
36 991.31
5 380.77
75 779.14
51 966.39
92 672.33
73 170.87
16 586.80
76 807.78
45 342.36
34 628.44
61 806.17
5 282.91
87 466.61
25 136.99
25 656.01
33 800.39
70 536.77
38 418.40
80 329.47
54 380.37
90 367.06
41 942.34
16 880.64
81 667.20
49 978.58
56 861.17
60 538.43
6 948.19
27 619.45
89 315.04
48 422.65
58 787.56
5 787.15
53 233.39
56 294.91
49 100.74
13 815.12
52 398.15
59 139.03
92 557.65
22 651.09
20 477.17
100 829.87
14 443.16
8 452.31
54 595.98
39 238.94
46 533.19
30 961.53
9 429.02
10 306.11
62 743.57
5 620.15
59 863.56
94 749.96
22 780.35
50 828.10
5 909.75
43 490.38
90 145.91
31 172.32
28 148.92
17 668.27
23 449.84
67 230.90
20 191.10
86 568.41
84 528.13
33 476.06
21 246.16
89 660.52
57 901.83
93 696.72
74 364.98
90 217.78
16 793.46
1 977.49
18 459.01
5 962.09
85 749.27
50 984.05
32 418.95
60 530.10
6 304.61
36 130.19
78 495.93
92 365.38
55 556.83
6 807.45
9 303.00
88 889.42
82 474.15
57 483.28
94 885.41
1 183.61
12 186.11
69 834.74
34 494.14
28 744.90
76 234.35
18 742.60
46 928.18
74 415.62
3 863.06
24 308.21
42 999.48
33 123.31
72 401.11
29 265.18
81 349.28
91 298.22
13 374.08
79 957.83
94 652.74
75 556.90
54 531.44
23 234.72
32 282.48
3 675.17
1 826.07
93 253.72
14 106.40
72 841.93
46 642.14
96 784.87
69 499.42
70 782.41
29 592.32
90 543.31
16 476.96
49 997.49
21 242.01
98 582.60
10 272.14
99 519.40
73 309.13
4 427.60
17 578.77
57 523.31
38 190.96
72 307.84
82 599.40
85 891.42
21 445.97
2 422.83
82 418.35
58 520.27
91 112.12
82 362.26
49 649.76
73 496.01
58 296.62
37 832.74
71 764.84
32 773.90
8 526.57
31 840.95
26 289.88
81 948.21
42 836.96
41 729.53
72 381.93
15 727.37
83 297.79
46 961.22
19 217.40
5 727.26
54 490.53
76 558.61
95 700.61
93 236.03
5 736.27
44 461.30
5 217.41
37 446.14
90 588.07
41 828.33
31 392.29
13 674.57
56 810.98
86 630.14
2 486.96
38 135.48
57 397.87
16 285.45
67 567.36
73 834.32
52 469.50
71 240.72
85 658.49
76 397.04
79 292.91
14 206.08
53 891.54
78 505.46
72 746.93
2 994.19
96 612.01
83 394.59
72 989.83
88 625.72
58 470.10
26 533.67
87 920.89
62 234.97
33 316.52
80 458.65
89 142.03
64 825.29
64 897.48
86 269.12
81 264.31
22 620.42
97 280.49
67 727.01
26 530.03
32 351.88
61 303.79
91 561.85
4 523.21
44 778.96
87 630.34
46 724.33
16 565.83
68 592.97
81 345.11
64 815.66
63 697.25
33 422.61
93 211.28
43 977.45
59 782.42
96 785.33
58 669.04
41 809.82
26 936.20
76 577.12
30 409.15
93 941.72
13 776.32
69 382.69
38 766.44
66 523.93
14 441.10
20 761.32
92 712.40
18 292.51
6 425.97
59 703.96
29 942.40
5 979.88
45 834.11
12 845.64
8 293.72
92 656.88
42 773.44
56 252.10
73 521.83
67 619.12
79 339.94
46 992.28
24 858.99
5 111.27
24 830.87
39 323.22
78 534.45
93 727.52
73 793.21
24 817.23
33 272.65
55 574.65
62 305.00
13 124.73
92 666.96
8 701.65
28 769.21
31 327.29
21 317.20
24 407.52
39 161.54
49 956.58
100 333.47
62 358.97
32 705.35
70 836.21
51 229.38
83 139.05
1 444.11
20 775.42
65 350.62
3 890.27
43 742.70
71 212.63
50 790.80
9 535.98
73 927.58
99 816.28
21 901.72
85 308.55
17 513.59
80 312.37
59 517.80
24 944.09
99 302.17
19 458.88
5 497.19
45 925.40
15 313.51
52 272.40
75 147.87
98 633.86
70 679.89
8 532.13
9 815.70
76 190.20
63 493.66
93 673.59
72 835.06
22 168.98
35 761.35
73 322.35
8 359.35
66 896.85
52 262.30
56 364.43
89 267.43
16 371.07
55 617.39
14 394.92
87 645.52
52 880.44
89 618.08
88 164.53
57 976.70
45 447.37
32 270.96
40 805.35
25 380.91
46 397.26
32 359.77
55 349.74
58 137.17
37 399.79
2 818.21
62 807.30
60 549.26
48 927.37
28 779.44
1 890.75
16 489.98
98 600.17
38 994.81
87 693.45
65 292.46
49 120.96
55 174.76
13 394.03
74 645.35
87 668.54
27 602.42
43 214.91
71 894.64
97 958.24
87 408.96
93 642.66
77 350.57
84 463.94
13 442.55
49 317.90
9 612.22
49 200.55
77 403.79
76 277.81
93 341.99
96 392.11
17 173.37
56 423.07
39 411.49
14 329.68
37 295.12
93 327.25
4 511.56
50 901.74
55 310.92
74 271.17
45 940.73
21 367.23
21 421.05
85 866.66
3 499.65
54 120.24
23 928.15
36 334.71
83 174.44
63 381.52
55 689.31
31 285.79
6 624.82
26 475.26
50 568.80
52 797.58
81 788.58
76 455.84
81 362.57
77 266.33
88 141.01
67 365.49
5 815.26
60 429.11
56 942.96
37 523.87
84 758.33
10 539.90
1 652.29
68 277.76
98 702.53
53 760.99
84 999.46
41 141.72
33 682.12
63 946.34
18 996.30
32 925.19
67 535.56
71 352.33
95 509.62
93 266.81
47 488.36
72 631.42
80 297.07
87 550.44
11 766.39
42 838.94
12 969.45
59 388.68
60 201.91
29 470.90
9 195.84
86 516.24
23 680.24
15 254.70
48 933.28
42 170.20
53 949.86
100 841.24
100 224.47
74 840.51
13 197.39
61 113.35
54 907.40
58 727.00
39 189.44
18 847.89
93 880.89
82 990.15
59 871.24
12 984.04
79 582.42
22 612.66
83 776.92
57 270.77
64 877.95
8 295.17
32 266.39
28 194.79
100 304.35
52 460.03
86 389.09
95 247.90
28 718.94
100 175.35
63 214.69
57 851.25
92 489.60
84 711.71
75 843.48
62 544.57
68 124.03
32 544.88
61 154.38
9 818.72
91 285.98
76 101.56
16 859.90
65 863.38
34 171.52
26 293.80
15 291.79
38 297.38
76 244.22
32 324.83
87 870.04
78 731.29
36 328.76
64 706.04
20 325.24
88 938.49
68 684.90
33 842.09
57 438.62
91 683.08
55 762.40
89 929.11
75 464.23
3 660.63
5 112.27
99 924.48
61 315.04
79 582.04
7 276.27
44 263.56
57 400.93
43 220.51
3 808.76
20 646.25
7 984.40
32 206.54
79 187.31
39 881.98
17 356.54
29 143.48
8 940.56
91 139.67
4 349.08
99 898.98
48 720.10
27 533.24
57 514.57
22 999.50
40 964.15
57 586.65
81 477.78
76 872.35
29 129.47
19 784.66
29 320.06
100 816.10
7 147.58
26 232.27
29 999.18
64 244.98
34 141.72
31 992.25
80 503.57
30 938.43
44 625.53
28 599.64
2 938.93
83 483.75
20 626.24
48 530.65
10 630.99
1 347.62
56 345.49
98 976.94
13 594.81
59 205.41
52 345.37
18 855.64
89 242.53
29 843.29
66 366.14
74 599.23
86 212.66
100 733.20
86 698.04
39 859.71
60 273.01
63 120.22
65 164.24
23 262.41
38 975.99
82 405.93
55 714.27
27 891.73
22 374.75
11 764.08
63 166.16
84 937.08
39 542.30
52 772.27
97 412.72
99 641.65
21 889.25
34 880.35
13 478.94
87 440.86
67 643.42
58 243.44
11 360.25
61 443.09
85 907.74
48 773.97
19 599.97
96 148.89
100 234.40
6 155.35
50 785.82
20 479.38
27 311.58
20 124.81
86 139.96
89 673.60
8 185.29
41 940.05
50 948.93
78 683.72
62 165.65
36 220.24
93 137.48
65 411.65
16 866.07
47 824.04
1 539.21
64 542.94
18 985.35
73 191.46
89 911.48
25 425.28
40 578.41
97 740.38
50 970.09
73 833.14
92 292.53
61 817.12
48 953.92
70 975.74
82 431.01
43 422.65
59 468.73
36 289.88
93 267.78
49 262.65
3 539.10
40 671.29
16 882.42
94 704.72
75 222.74
97 157.81
65 150.37
18 678.98
37 501.75
82 957.76
38 720.47
55 652.55
32 153.13
92 910.42
77 666.21
66 944.37
11 918.27
55 740.78
98 532.35
63 183.44
3 143.84
40 705.05
81 934.43
52 825.94
22 463.31
57 703.40
96 505.90
10 280.21
34 893.92
63 247.95
94 224.25
58 534.42
27 547.75
54 139.16
3 516.66
64 570.00
33 651.93
76 599.19
87 766.19
11 452.01
89 590.02
58 999.73
28 600.05
23 611.99
41 971.54
8 979.64
1 637.09
44 672.16
95 733.15
77 569.83
63 173.86
11 989.34
95 216.66
10 229.95
19 556.69
1 462.88
41 643.00
52 422.21
67 704.86
69 179.26
36 501.37
81 329.85
62 187.45
66 894.19
29 501.15
59 155.09
58 421.97
97 409.95
14 429.23
10 204.01
20 586.93
25 870.54
20 995.57
84 648.17
44 465.47
30 737.98
94 612.33
82 362.40
60 683.43
69 448.54
95 420.04
95 689.23
7 374.01
87 212.26
100 165.14
43 477.22
22 285.77
56 597.39
88 937.55
81 153.48
46 916.76
15 568.58
49 980.72
36 155.47
2 802.39
97 283.40
56 131.89
80 533.79
56 798.09
81 195.85
8 840.07
15 969.15
48 575.37
7 694.99
84 348.59
41 592.12
84 327.51
71 950.66
54 450.80
31 794.35
79 681.04
69 666.59
52 706.57
95 998.95
17 196.13
38 746.22
85 628.95
88 206.46
25 981.62
94 561.23
35 212.87
95 122.35
13 902.47
87 634.31
34 494.39
25 689.11
99 804.38
75 197.70
15 218.74
8 202.65
34 107.29
94 894.78
10 990.69
85 439.82
56 160.31
4 690.29
65 966.64
52 437.34
77 859.77
91 167.13
29 119.15
90 287.77
87 952.10
83 974.27
6 598.80
83 747.79
33 299.35
66 305.09
84 764.67
88 688.55
6 266.60
19 950.54
86 596.07
34 189.10
58 994.77
40 161.00
8 877.37
51 653.73
82 776.72
93 219.87
54 369.90
52 914.33
88 621.94
66 695.92
46 152.77
85 314.94
80 175.70
98 309.60
7 778.97
21 709.61
47 333.58
90 258.89
32 519.35
4 442.75
7 360.22
63 125.10
26 147.02
43 489.71
35 918.88
73 213.20
59 453.14
32 904.91
7 588.33
95 484.04
95 402.99
97 177.61
86 139.16
94 307.35
34 758.02
41 475.21
40 503.43
39 855.57
38 524.34
88 328.29
75 916.62
61 559.89
67 849.56
59 768.45
84 217.02
4 980.59
82 678.75
9 398.76
58 481.19
98 141.20
50 136.71
58 920.73
7 610.22
25 227.92
95 449.46
39 336.34
31 539.94
27 771.63
38 670.04
91 590.80
82 273.26
34 460.72
83 624.81
3 963.78
30 727.20
96 747.64
20 799.47
22 667.22
10 975.46
51 685.53
94 358.27
51 962.63
23 334.59
50 370.36
71 539.84
93 535.24
92 504.09
21 554.20
92 493.16
51 925.35
61 140.92
50 853.64
61 826.22
97 916.61
33 487.56
78 595.83
59 419.05
68 648.81
36 514.11
75 121.67
15 795.25
74 728.35
93 806.47
53 412.90
47 708.07
67 346.75
70 843.54
83 502.41
57 204.72
89 201.98
95 322.89
8 396.84
73 991.26
55 980.41
73 649.26
6 118.26
21 915.57
99 100.41
77 490.79
40 999.12
15 281.04
58 313.18
13 379.78
97 613.05
22 218.95
19 132.84
7 240.72
44 984.46
18 113.75
58 676.31
57 976.00
9 189.09
97 530.52
43 299.65
14 210.96
79 543.70
70 769.69
28 607.50
77 394.07
95 797.60
54 309.85
57 133.62
67 574.74
45 240.61
70 317.11
86 839.67
14 523.25
38 612.59
97 983.26
45 535.65
62 166.89
26 735.50
1 272.62
87 172.52
56 394.00
10 889.81
15 834.29
81 175.19
89 196.08
10 230.76
72 687.10
59 223.55
34 587.08
30 420.87
66 732.16
21 199.95
37 307.65
98 423.69
14 523.63
75 138.97
88 146.93
49 743.19
25 570.34
36 318.81
46 496.11
71 599.25
74 815.17
52 997.23
36 720.19
35 728.25
86 201.80
54 542.52
67 603.65
49 882.06
100 357.67
42 497.08
6 766.15
44 629.88
87 440.23
77 710.02
57 960.34
50 571.90
21 361.94
66 603.57
26 613.19
72 398.83
67 176.54
52 314.59
79 243.26
57 329.08
96 917.53
73 308.34
80 698.66
96 128.67
42 563.22
68 859.16
26 242.28
83 603.35
22 709.92
35 604.81
69 146.65
42 795.72
62 803.66
43 583.79
20 783.56
23 442.43
85 494.35
58 774.53
77 269.89
35 312.55
79 838.00
48 519.76
67 564.86
51 534.33
89 301.68
20 198.82
75 570.45
97 801.97
94 814.83
90 582.71
10 367.74
58 310.05
24 288.16
99 255.58
45 489.61
18 225.52
79 524.35
76 637.38
75 209.12
91 763.37
87 796.91
17 119.50
25 456.11
48 646.38
92 488.60
46 132.21
29 626.38
71 172.43
94 282.93
90 654.43
63 779.83
94 277.15
82 206.94
55 935.50
39 392.41
40 652.57
47 892.80
100 175.63
43 332.73
37 722.82
93 375.24
59 565.88
16 119.98
25 275.36
52 697.69
13 131.18
61 821.62
24 282.61
60 560.11
27 660.19
28 686.68
42 251.52
83 507.22
100 871.68
31 301.60
58 852.59
42 157.76
39 756.35
19 267.11
19 377.96
67 875.33
1 866.34
87 121.05
12 525.08
36 882.99
56 377.21
51 591.42
33 327.55
95 820.25
97 169.26
63 156.28
8 428.45
84 651.25
77 928.90
5 881.41
32 309.71
47 747.78
8 556.78
65 330.56
86 827.08
45 310.50
43 698.90
25 116.58
36 180.85
14 265.25
41 129.46
17 442.32
2 930.80
45 689.44
30 778.11
85 828.66
72 706.21
84 721.13
26 726.08
97 758.60
59 486.47
28 233.90
16 244.41
94 634.97
13 604.10
70 130.68
75 263.28
3 240.91
25 890.07
6 303.65
61 220.05
84 349.69
3 272.60
70 336.86
96 792.77
55 719.07
26 546.00
74 666.44
50 498.25
84 420.76
39 519.36
97 972.74
25 723.58
23 556.44
80 329.18
37 581.19
53 793.56
44 757.71
10 520.72
30 834.24
35 628.76
13 838.93
68 996.31
65 193.83
54 695.68
26 621.33
9 181.28
79 123.23
79 428.65
34 631.91
88 669.09
9 513.51
72 390.75
2 925.34
30 970.21
88 876.24
28 353.06
55 377.09
48 518.57
95 633.04
66 166.57
40 799.34
99 692.92
21 444.17
22 943.19
49 208.80
96 645.31
41 436.70
17 130.63
21 696.48
86 894.41
37 201.19
81 898.88
91 986.64
30 199.05
87 365.70
36 471.09
67 742.48
78 582.56
75 835.00
7 337.24
34 531.95
54 124.94
4 891.73
81 298.15
20 454.28
87 521.98
74 599.81
75 483.29
69 703.14
71 578.49
53 952.00
68 496.99
20 837.21
23 564.57
60 167.93
44 973.19
22 601.04
67 199.07
74 325.94
51 155.97
80 283.17
76 658.54
82 185.07
39 587.28
4 814.19
38 485.72
9 819.56
19 331.59
19 522.89
94 278.88
15 168.30
57 488.33
42 865.15
2 794.39
71 618.01
68 784.50
1 329.24
86 106.72
70 127.81
47 449.17
3 448.33
16 804.98
10 649.53
83 339.06
59 645.51
8 973.22
21 202.41
22 659.33
71 775.52
59 659.66
3 317.57
11 457.03
42 257.94
10 402.65
89 226.15
50 567.85
13 262.16
98 896.29
34 763.22
16 408.18
61 738.63
50 930.57
84 165.35
10 128.64
17 495.62
89 397.77
40 437.76
83 256.94
23 137.91
48 235.45
32 386.33
80 730.00
62 811.86
41 993.48
6 134.27
9 192.03
55 990.78
87 696.89
30 252.87
13 457.97
80 848.33
12 924.33
68 677.97
56 234.82
82 954.10
17 387.86
35 397.64
84 456.76
72 412.90
45 859.88
29 500.20
45 489.25
5 597.67
39 466.89
99 401.13
92 181.79
82 764.72
44 933.84
62 444.63
98 228.98
49 464.09
58 368.80
61 616.69
29 713.93
96 343.90
56 103.47
94 907.69
55 984.58
44 583.81
77 989.92
10 318.59
42 981.26
40 829.35
51 931.03
21 493.88
12 166.73
69 215.41
65 922.76
78 846.88
90 722.45
41 638.09
1 623.60
67 827.90
100 679.42
32 518.42
97 128.24
73 843.68
77 579.75
21 478.13
67 797.96
19 594.87
43 985.69
68 256.74
87 972.37
25 921.76
10 438.66
2 658.74
97 632.36
16 773.28
58 279.08
11 756.75
97 579.56
20 453.35
48 705.65
90 863.68
95 836.60
52 162.14
49 306.70
48 945.01
54 264.19
1 616.90
73 282.42
98 910.28
28 482.07
29 611.96
91 100.02
42 234.10
36 447.35
38 926.56
58 998.75
41 949.87
85 164.69
89 113.77
82 589.98
98 666.81
6 319.71
51 684.93
88 718.46
67 143.86
56 765.78
7 585.05
83 282.54
20 765.91
30 484.71
10 638.41
62 928.72
70 777.23
72 199.16
38 282.82
27 150.02
84 991.22
88 622.45
50 737.80
67 851.25
83 128.82
11 595.18
4 625.32
48 815.70
79 622.80
71 747.59
76 768.67
5 620.09
42 730.12
74 147.46
96 139.61
95 403.86
95 622.11
99 119.63
14 468.04
69 436.65
46 150.29
14 532.41
66 494.42
2 556.92
95 704.45
40 224.53
66 251.23
13 541.46
95 131.88
11 837.08
96 470.26
2 982.56
48 597.26
13 887.64
24 338.66
98 804.82
7 942.17
93 878.96
7 857.76
21 221.74
19 801.25
55 209.02
96 991.79
33 429.02
68 245.41
97 872.35
45 820.68
89 266.06
83 397.28
68 643.14
75 157.74
52 286.39
59 446.14
80 719.95
69 904.32
53 928.32
2 566.21
81 112.22
67 545.77
98 260.66
45 594.04
71 832.58
56 283.25
26 138.48
11 797.99
25 745.63
37 893.91
34 115.91
70 783.40
90 105.40
83 538.81
51 303.23
66 689.67
39 654.30
67 450.78
27 637.06
75 332.28
44 340.90
12 450.06
86 813.68
67 721.24
57 905.00
19 576.81
5 311.13
89 347.40
1 590.57
91 222.19
100 911.53
51 706.05
49 774.29
47 812.85
34 899.81
21 500.35
4 474.41
61 290.72
70 174.48
49 692.04
83 287.04
38 767.77
10 203.86
76 647.92
32 226.46
52 476.02
61 314.52
99 328.29
19 464.80
73 410.98
88 959.53
36 634.74
56 477.69
18 851.50
3 230.91
10 613.88
17 982.39
39 990.02
74 263.40
30 445.12
25 873.05
37 153.41
54 513.71
80 304.16
92 774.34
69 910.19
26 357.32
42 600.35
50 655.66
24 498.56
72 907.82
95 514.36
1 828.95
35 551.78
35 149.19
12 343.80
35 680.60
12 950.12
53 195.25
1 206.70
81 973.78
41 394.37
89 761.85
99 727.63
85 276.13
88 459.35
69 105.55
45 848.73
11 201.11
48 653.56
5 230.93
97 781.71
12 424.51
86 894.12
5 347.70
57 698.55
12 768.42
55 641.64
22 616.18
96 211.31
9 658.99
76 765.56
49 921.75
17 742.75
84 929.71
44 305.88
60 653.05
93 890.63
43 394.27
28 149.10
1 811.44
20 519.32
76 305.98
18 319.85
53 550.14
75 673.82
82 820.91
72 875.06
34 519.42
60 652.45
18 270.98
81 384.97
37 384.06
25 418.31
90 234.40
62 199.04
25 696.21
6 193.82
55 841.61
1 274.54
61 444.63
66 958.56
68 970.88
13 996.38
62 601.66
90 605.46
100 976.02
45 615.85
45 185.75
36 467.18
27 267.99
37 903.78
18 413.92
77 100.94
99 434.79
71 127.88
45 907.53
25 688.18
43 998.41
98 810.94
58 425.64
32 297.93
61 537.46
80 844.06
95 216.35
34 544.05
11 263.04
38 504.72
62 827.17
44 744.26
80 678.26
8 603.23
32 763.60
100 849.13
66 727.11
15 382.75
23 202.44
91 764.68
87 449.24
26 916.30
43 706.18
15 952.66
74 429.40
25 529.19
64 307.94
31 771.71
84 381.03
38 895.80
30 437.96
66 454.17
96 435.25
86 242.12
6 239.71
88 372.54
38 439.65
91 209.95
5 454.15
23 904.16
97 991.08
68 364.46
46 465.86
23 263.34
69 658.65
36 236.16
35 264.37
90 870.23
31 172.80
43 443.43
74 376.10
54 783.87
3 404.95
61 307.71
55 419.22
4 960.13
18 831.37
75 251.46
3 856.39
6 147.71
12 765.01
32 899.08
77 543.62
4 372.91
8 787.58
68 807.75
78 849.92
75 222.49
86 361.16
38 590.47
85 539.46
66 571.95
73 842.88
44 161.06
30 959.56
51 842.71
32 708.70
93 628.38
82 659.45
46 246.82
23 776.73
33 418.13
78 557.44
58 204.24
52 857.32
55 654.30
93 817.65
23 484.18
76 389.18
80 173.59
55 631.86
75 610.48
1 538.03
41 574.16
97 229.28
65 110.40
32 505.51
70 522.78
25 181.54
32 709.50
12 211.61
57 790.63
2 294.14
49 328.74
36 278.97
34 106.74
68 306.62
98 342.81
27 409.26
34 236.21
47 194.65
58 604.40
89 343.75
70 824.92
16 875.00
44 176.82
47 442.04
28 686.84
48 337.65
78 699.66
2 293.53
57 171.07
80 355.53
96 252.27
54 404.95
16 653.04
51 278.64
72 536.74
89 237.20
48 998.54
10 549.22
43 759.63
14 464.48
16 625.02
50 221.82
62 528.53
88 221.51
27 960.06
85 736.50
40 855.72
76 954.47
44 620.97
60 614.33
36 619.35
55 908.38
54 533.04
36 346.26
63 167.87
5 139.87
59 635.11
25 263.24
38 504.80
16 249.17
28 201.28
53 184.53
49 915.38
79 792.49
23 511.38
49 549.20
61 530.57
100 361.32
35 625.86
7 100.96
16 543.70
23 489.29
56 130.69
38 526.57
95 999.51
86 905.51
33 818.80
8 519.74
100 404.77
65 889.28
40 287.35
29 480.82
17 363.10
56 927.95
44 666.90
64 158.41
15 909.49
21 165.09
87 613.29
64 146.84
17 845.76
77 423.38
73 191.19
29 667.09
87 864.57
86 952.45
95 195.82
11 378.85
88 793.15
26 150.61
9 120.37
74 423.28
44 670.12
21 900.71
59 980.08
29 507.24
46 737.90
34 282.07
49 206.04
89 892.31
59 907.66
86 770.62
75 684.22
21 128.71
77 643.87
12 353.75
30 742.19
70 215.30
57 490.10
47 470.41
81 670.11
27 225.62
20 986.26
37 369.51
25 493.53
4 330.28
47 891.55
72 225.09
77 735.58
55 774.12
52 107.19
74 162.17
55 575.77
9 780.66
41 610.81
39 145.17
30 181.80
96 729.00
12 513.00
36 776.00
64 989.72
7 321.86
90 847.62
88 823.55
53 847.21
53 635.43
57 277.93
71 348.90
63 525.62
55 553.73
62 212.85
30 465.91
21 565.14
22 777.89
5 353.22
73 892.59
42 769.26
87 996.75
34 106.71
44 484.00
56 306.41
8 812.62
23 495.23
13 453.14
83 883.49
66 202.31
28 163.03
25 683.89
45 880.91
20 414.76
77 165.61
2 508.67
87 166.17
95 439.33
3 416.14
8 773.24
24 225.99
50 940.04
20 776.99
65 470.48
5 602.38
79 616.90
17 348.61
47 512.99
77 524.34
85 331.89
27 356.79
32 192.21
99 103.01
20 831.73
70 309.39
78 638.64
1 673.54
41 464.83
88 948.57
23 322.01
72 816.17
57 980.01
74 566.99
76 926.17
47 120.29
39 941.46
87 186.09
61 210.29
41 247.76
19 561.51
82 933.75
26 237.40
71 701.66
45 780.59
59 973.25
50 868.21
24 993.84
61 308.38
44 434.36
79 409.67
9 681.03
25 757.92
23 817.75
43 609.21
81 314.61
7 278.58
19 391.60
97 220.70
35 412.15
75 629.00
32 626.46
79 865.49
10 843.02
62 962.28
96 445.28
78 190.98
62 916.79
29 394.59
20 316.88
48 935.40
54 405.02
69 122.52
39 112.59
78 586.76
31 378.34
74 857.30
90 697.21
31 238.51
80 454.81
89 734.42
53 319.80
60 212.53
53 183.39
51 614.83
53 115.45
45 518.63
97 199.75
92 208.34
46 434.62
41 237.22
94 894.98
45 670.49
2 397.54
16 848.98
68 719.46
45 331.00
50 880.07
64 383.13
48 789.23
26 743.33
46 794.54
96 188.07
35 293.27
63 640.07
21 601.15
86 978.30
87 149.22
9 323.49
9 170.00
68 309.06
86 117.80
4 530.16
88 581.87
20 707.60
15 925.44
61 469.42
35 754.27
27 999.71
38 214.47
53 317.20
77 897.07
67 967.63
92 345.26
2 603.14
12 249.04
1 430.47
30 290.78
31 896.73
12 598.97
34 512.57
78 887.17
9 697.35
77 944.48
31 704.64
44 445.06
72 967.80
86 150.76
79 128.30
74 344.17
55 509.26
70 981.93
70 927.82
46 414.97
14 826.51
34 975.35
75 925.43
46 262.57
32 694.04
66 847.85
45 339.58
79 207.75
44 608.25
100 348.73
91 121.31
39 881.51
93 736.10
60 693.29
97 202.71
65 133.72
48 744.90
17 329.83
44 351.30
67 412.01
93 929.57
54 436.15
87 582.45
14 339.86
100 168.03
16 172.01
15 166.81
27 703.97
70 343.66
72 854.85
58 174.88
53 605.48
89 784.44
38 579.90
84 924.50
57 751.62
14 156.26
89 728.65
48 897.05
6 763.34
9 746.26
57 244.38
15 779.11
88 491.24
4 725.53
87 728.82
97 504.09
85 744.15
57 526.53
6 500.77
13 525.97
48 376.10
15 587.87
32 190.51
77 199.30
25 879.27
80 698.27
4 421.07
69 692.39
28 998.12
22 249.99
82 931.20
31 247.09
10 243.09
69 972.05
91 845.80
96 656.57
49 758.84
39 509.65
82 175.08
43 402.15
69 464.49
16 805.86
17 564.45
80 866.89
32 587.05
68 768.26
19 278.62
93 251.75
66 982.82
3 386.59
66 303.39
64 194.15
16 297.72
63 334.45
55 166.59
26 133.69
16 460.11
6 249.47
69 537.74
27 265.99
17 901.23
70 153.35
3 857.76
64 633.55
32 946.00
19 572.10
21 754.24
5 686.97
49 935.54
35 486.45
8 249.50
53 431.03
9 194.85
54 529.63
28 126.22
62 161.33
74 151.89
41 112.90
49 375.16
80 206.49
49 282.12
30 263.39
80 519.38
74 594.99
39 583.75
19 325.36
79 550.61
53 316.71
8 213.25
31 811.80
95 732.70
69 902.33
8 766.23
3 265.76
68 799.36
21 772.84
94 994.64
31 846.54
98 953.46
29 334.08
15 793.07
86 580.34
11 451.72
11 975.37
83 649.25
39 903.44
37 952.10
83 743.46
1 886.89
19 756.66
57 403.93
94 946.01
88 610.25
34 255.02
44 219.57
61 480.28
82 599.17
31 598.47
51 493.84
11 702.65
50 126.11
81 864.99
24 413.35
43 560.74
95 547.39
15 675.88
65 534.34
98 283.38
95 536.71
91 990.33
16 277.98
69 780.32
39 854.17
86 780.53
15 990.74
7 554.04
7 272.49
8 305.32
68 244.38
25 598.70
8 285.50
26 570.06
37 883.49
41 636.74
17 904.91
32 885.80
93 874.46
40 384.50
77 660.82
88 278.03
63 174.44
5 908.19
12 629.01
36 381.92
38 855.99
88 560.21
33 276.86
26 652.33
43 533.09
10 200.04
94 583.94
58 835.37
13 359.43
4 223.77
86 188.62
68 431.61
48 283.95
75 360.68
42 779.31
51 869.91
34 151.18
95 567.45
67 560.57
90 476.05
28 904.09
30 129.47
68 795.43
57 545.22
70 349.92
85 262.84
2 794.23
69 249.32
10 163.39
85 704.97
29 374.69
21 312.83
77 542.96
3 681.87
51 943.92
11 694.36
87 744.80
4 795.05
63 186.54
88 229.97
46 409.33
92 125.70
7 286.77
84 240.42
44 327.33
30 784.10
77 695.41
78 150.48
89 362.12
33 557.90
26 149.45
67 240.52
60 600.69
56 215.84
14 207.90
85 173.90
21 255.72
66 210.52
100 940.46
93 681.49
84 877.86
27 258.74
26 528.11
28 126.21
14 159.96
3 204.07
16 445.52
90 539.32
53 504.81
31 230.69
32 865.99
97 893.15
7 463.70
33 455.44
35 656.96
33 926.87
48 700.21
31 334.83
42 431.55
28 824.60
53 954.21
82 804.40
24 813.08
44 982.78
74 920.29
41 417.57
80 977.43
100 971.69
9 820.80
79 245.30
76 565.97
77 597.44
91 404.40
44 722.00
100 883.99
25 691.36
39 738.41
47 800.96
94 603.06
56 673.64
83 469.35
43 672.70
21 270.39
89 921.72
36 810.42
73 472.91
38 244.46
71 232.76
77 818.43
19 124.41
86 404.48
26 915.01
67 373.15
47 166.82
49 850.87
79 253.68
28 305.23
10 277.83
75 820.59
6 654.45
38 555.53
1 762.98
20 489.34
99 576.74
80 243.40
18 902.94
12 656.59
45 496.22
42 560.91
69 465.94
57 567.73
46 723.09
86 151.08
57 374.77
14 906.30
9 755.30
79 376.20
32 336.50
24 228.59
50 728.00
79 857.78
50 656.36
19 344.98
89 805.93
97 336.23
93 212.89
83 999.97
74 508.69
75 474.63
39 454.08
51 445.90
78 307.87
16 875.98
13 396.12
98 507.86
24 137.81
11 444.64
10 865.93
74 529.92
90 104.83
53 927.22
18 379.26
59 921.80
49 727.25
38 361.00
6 194.48
64 191.19
1 214.65
23 236.74
33 736.34
87 297.13
60 218.01
48 786.95
28 325.39
61 298.99
27 560.70
10 147.13
82 468.56
43 833.13
24 833.18
57 957.75
13 583.92
85 904.03
40 937.23
100 268.76
9 676.71
3 128.08
45 684.81
80 856.89
45 551.39
24 316.78
2 458.59
72 749.55
49 271.76
56 913.37
79 894.60
75 999.50
53 122.82
36 260.30
10 600.76
22 709.27
12 310.43
17 919.22
27 324.59
29 972.90
97 594.73
24 878.22
51 258.06
55 567.56
35 301.95
25 872.40
76 961.91
83 837.65
56 202.48
50 229.92
5 303.62
69 638.47
59 522.00
43 381.91
84 116.08
25 506.94
7 396.98
27 222.45
53 400.63
73 700.05
65 760.66
49 819.92
59 475.99
16 582.90
51 631.78
75 902.01
11 380.81
37 456.69
41 585.55
1 111.37
86 943.90
23 636.44
89 106.75
77 353.57
72 633.25
82 122.89
71 255.48
5 841.80
44 986.42
17 568.78
15 816.93
71 819.98
30 372.26
47 749.87
67 730.85
53 277.24
84 680.53
24 499.64
44 164.24
23 651.95
91 534.79
80 667.28
83 726.41
2 402.03
94 130.69
69 403.85
52 266.84
70 215.88
19 780.47
25 640.24
55 950.35
12 959.15
33 805.16
99 157.68
19 325.33
22 802.33
85 768.64
5 258.30
54 445.60
32 856.32
25 763.43
3 216.24
98 771.67
58 761.41
56 632.27
48 731.16
87 787.51
47 729.78
65 926.79
44 652.68
11 983.42
91 924.51
37 122.69
38 818.83
89 110.99
33 360.27
69 678.31
47 467.87
77 683.71
19 637.76
52 669.23
30 420.99
68 810.26
14 513.89
77 721.77
72 472.98
66 439.62
87 756.28
7 490.11
100 750.93
84 921.24
75 618.96
24 469.67
72 223.40
80 598.60
76 723.29
5 128.81
86 729.66
4 252.58
59 256.51
37 425.73
30 509.15
13 172.11
71 256.85
94 283.36
31 222.28
16 532.36
30 910.22
37 639.16
88 468.32
73 440.65
45 672.12
45 302.76
68 706.22
96 130.42
96 536.96
65 747.24
14 953.14
13 702.68
97 849.82
37 623.34
74 438.47
91 389.34
38 529.53
12 803.66
49 686.27
7 874.61
40 468.38
74 618.55
99 764.67
27 642.42
92 164.54
58 482.84
16 647.35
10 784.60
54 556.73
81 755.30
24 660.46
55 457.87
29 931.45
15 731.35
74 154.44
17 572.87
65 476.47
16 903.83
66 672.50
63 724.65
37 784.14
69 524.28
99 819.91
91 437.17
16 966.32
30 511.41
98 759.68
42 872.81
15 270.34
8 284.75
62 536.61
16 244.31
18 691.34
43 629.75
31 496.55
68 201.89
36 684.87
79 757.65
38 878.58
11 385.84
69 712.68
11 394.04
65 445.83
99 497.04
14 244.40
94 465.73
7 312.86
42 647.09
77 546.79
64 306.05
50 719.70
54 171.28
81 869.36
25 477.38
73 920.68
26 579.13
31 924.53
36 891.18
71 947.35
15 162.09
84 862.60
15 566.11
74 362.94
7 214.71
20 545.20
68 789.29
91 409.71
35 823.34
4 970.28
72 965.10
31 193.78
33 562.08
94 248.95
47 187.15
50 785.91
28 141.01
8 599.82
3 268.89
49 713.59
46 774.08
7 874.87
73 812.71
36 873.71
29 243.05
100 702.17
67 253.29
3 110.78
74 555.31
44 625.72
27 163.68
57 723.77
96 639.55
90 890.83
79 876.30
12 423.50
1 476.59
76 936.61
72 864.88
25 271.93
62 477.48
86 681.00
94 121.84
53 698.19
45 569.73
34 794.26
97 145.53
65 557.69
94 348.63
9 350.84
53 247.95
100 578.06
88 796.92
98 701.74
73 323.58
90 812.77
37 728.95
60 722.87
94 136.59
85 234.17
56 206.03
91 616.46
91 490.47
25 304.60
31 403.00
90 218.34
13 652.30
83 700.59
70 169.92
7 303.60
25 170.19
49 941.06
34 455.65
31 817.17
78 306.74
71 169.21
43 134.02
87 104.26
11 292.26
28 443.41
51 992.55
46 827.17
10 762.54
6 959.98
61 969.66
46 956.03
7 715.68
75 761.83
31 344.21
98 558.13
75 384.68
82 499.47
43 825.81
17 835.01
19 799.38
65 623.56
93 426.67
68 564.48
62 165.94
7 634.30
38 445.71
60 975.46
83 806.68
71 975.58
73 387.60
7 609.31
43 159.43
83 309.61
38 328.01
33 994.80
97 644.47
16 813.68
69 713.22
68 116.26
70 251.75
33 973.76
13 964.95
1 616.27
78 175.60
16 665.61
15 762.02
58 817.92
86 846.18
37 900.98
7 531.09
21 225.27
46 226.93
30 994.68
44 537.49
49 127.29
12 214.68
35 377.56
80 974.92
39 824.86
99 706.40
85 307.46
23 477.11
3 624.18
67 367.51
35 791.69
30 720.91
90 631.83
64 166.84
86 800.50
54 351.09
87 429.83
5 725.86
7 558.50
4 139.88
16 991.72
46 652.36
71 103.66
21 276.99
23 734.88
24 591.46
6 508.81
9 150.45
53 399.04
41 971.87
4 502.19
97 567.80
90 303.35
74 852.51
90 648.99
61 266.36
61 352.59
14 109.93
7 879.47
24 135.70
21 892.76
89 443.25
67 186.11
53 486.29
68 753.81
88 957.35
5 500.87
77 730.34
80 360.12
77 438.78
26 734.11
47 888.25
18 782.15
60 841.14
71 414.41
42 484.81
64 644.43
82 542.02
26 556.51
46 821.78
66 919.66
81 531.61
35 406.99
76 430.48
30 728.66
49 588.60
29 690.07
69 706.40
80 499.70
6 660.94
31 711.02
3 186.06
2 364.99
69 699.07
23 522.29
84 786.94
81 723.39
55 542.30
85 404.10
10 233.36
27 520.77
86 944.09
7 919.37
97 595.41
67 400.83
4 529.00
90 650.61
48 251.01
31 346.44
82 913.51
2 247.66
48 412.39
1 391.93
54 503.89
49 835.08
29 310.84
69 876.88
68 423.52
77 264.61
25 999.76
30 958.63
48 554.19
33 582.20
49 467.54
11 629.43
22 911.13
1 692.28
87 744.01
88 513.06
69 583.96
35 384.80
61 209.35
47 511.87
30 188.32
23 284.13
55 552.87
79 380.83
54 256.47
20 275.27
91 559.60
93 893.98
17 351.54
19 341.96
81 342.48
96 509.09
81 938.82
86 102.14
83 502.35
53 240.24
43 227.32
85 674.85
49 238.26
28 464.56
78 459.27
63 322.35
55 259.67
85 702.57
33 399.41
96 749.47
13 655.64
35 893.10
26 606.50
26 622.86
59 352.99
65 546.55
50 970.47
95 999.89
14 935.41
87 360.00
9 142.86
3 846.43
100 326.45
60 242.42
53 617.84
20 210.49
85 185.28
93 236.20
59 829.35
20 935.47
12 359.83
67 412.13
14 252.22
19 586.99
72 183.57
46 725.13
23 363.32
22 552.46
81 140.09
82 692.27
50 221.69
21 849.00
76 122.92
11 984.36
22 874.08
38 680.51
81 120.61
83 452.15
17 207.33
70 524.53
31 970.42
5 928.46
22 303.58
91 516.82
91 799.09
62 945.78
52 843.50
97 603.47
25 276.22
15 384.36
75 226.91
37 120.75
49 532.93
73 106.96
35 484.17
6 158.11
88 792.31
82 966.56
51 949.35
70 561.07
18 350.15
91 569.40
85 435.49
66 963.10
62 899.61
34 653.33
7 866.64
18 485.55
21 387.66
6 197.15
99 448.52
4 796.19
11 760.85
49 734.90
68 647.33
45 458.01
22 954.37
74 759.52
22 805.77
9 994.12
76 812.28
23 980.65
62 962.54
88 421.30
57 469.50
88 546.00
14 333.36
97 675.38
12 110.93
99 619.57
59 371.01
44 565.09
22 125.51
24 474.60
4 585.36
26 193.74
38 168.09
81 556.29
41 989.21
25 853.84
99 540.86
90 494.00
58 119.57
44 599.42
82 408.72
82 528.47
69 688.06
32 246.18
11 944.20
25 217.09
90 946.80
16 970.04
75 325.48
14 874.92
81 262.17
37 800.65
88 125.03
62 202.75
80 665.76
70 788.59
84 531.49
71 129.64
40 199.18
74 833.68
28 111.19
67 228.86
31 867.51
59 221.63
35 807.90
67 324.12
69 218.67
95 586.79
4 660.60
46 536.12
49 954.18
14 175.27
67 263.94
32 183.68
34 123.47
44 797.49
91 710.64
49 616.98
84 419.95
65 516.77
9 455.95
5 833.33
13 250.65
93 496.42
82 883.86
40 960.02
35 674.98
11 960.42
16 643.09
81 246.65
46 656.62
66 845.16
77 515.06
63 164.30
44 160.35
36 203.57
71 837.06
67 753.77
5 197.45
48 630.33
88 847.31
83 489.33
76 334.26
43 939.64
20 503.65
90 135.00
9 992.38
54 147.35
84 456.35
6 992.26
91 741.96
47 469.47
65 841.07
2 159.52
99 798.05
47 123.72
73 122.08
86 434.51
80 398.25
14 641.81
27 522.79
47 441.85
37 333.13
36 529.42
21 382.95
37 534.08
25 939.86
10 628.94
67 866.10
47 502.38
45 261.62
4 793.24
24 100.30
10 805.16
74 237.18
5 505.63
75 419.85
2 844.49
31 295.24
74 268.57
78 397.22
1 774.07
29 592.51
56 277.94
72 534.81
82 280.90
81 384.92
31 949.20
66 530.27
47 663.99
59 145.41
30 840.24
26 483.34
74 869.52
66 481.81
76 375.92
71 658.47
38 316.23
37 265.96
30 798.98
11 921.34
98 226.02
26 986.97
63 587.30
12 957.69
60 790.92
47 612.09
93 671.05
33 502.57
55 386.06
28 202.02
61 981.65
79 409.27
70 637.56
60 403.65
50 501.60
26 501.40
99 321.38
21 228.55
57 392.90
66 397.38
52 655.57
46 583.82
43 584.15
95 542.09
16 968.99
65 994.87
73 109.29
24 374.92
46 727.21
86 535.40
69 901.59
22 422.75
7 483.95
57 896.72
95 576.26
66 490.44
66 111.55
26 788.23
51 162.64
47 637.50
50 641.62
5 713.35
8 933.89
29 149.88
64 768.58
61 257.44
66 949.83
49 371.99
80 988.94
55 277.81
94 104.28
37 102.48
57 684.45
74 386.88
66 716.46
21 869.85
26 573.34
38 114.35
32 465.27
36 268.28
52 274.20
97 198.53
9 315.42
87 745.19
29 556.41
99 152.04
47 471.99
83 683.17
87 948.22
99 900.30
46 814.20
73 973.00
75 787.49
38 219.07
33 651.92
80 188.83
42 402.00
34 965.15
62 631.47
53 327.74
25 442.34
66 187.42
1 178.54
20 220.29
26 167.82
46 140.52
21 817.09
100 837.22
20 371.62
87 191.85
91 150.35
4 391.12
59 926.38
87 790.89
58 679.64
100 760.80
17 998.07
80 417.52
5 885.46
25 971.39
99 386.99
49 707.02
67 962.65
20 269.26
71 429.21
13 948.62
93 568.88
87 303.34
96 409.89
55 568.13
41 799.33
85 507.65
78 829.63
39 218.70
18 687.91
71 297.63
54 449.53
91 445.68
47 871.32
70 267.96
61 143.19
77 859.08
80 827.11
21 879.61
49 955.84
70 256.83
73 667.97
16 207.25
36 549.26
3 465.20
48 503.91
88 366.15
7 825.49
56 867.28
40 653.32
41 650.93
13 985.21
22 967.06
32 923.59
81 816.44
84 102.62
96 140.36
93 729.43
19 597.54
92 194.60
67 402.09
97 686.05
78 576.70
22 590.87
34 891.74
68 808.15
39 604.44
60 302.96
55 572.24
62 597.48
26 548.02
40 140.90
23 766.80
70 336.00
54 732.83
51 714.59
50 656.52
58 173.43
85 696.01
31 220.47
62 441.41
32 432.15
32 646.38
77 576.11
85 206.83
46 244.85
1 876.13
78 936.95
61 492.12
13 548.36
84 827.45
29 681.25
25 830.19
76 818.39
51 357.77
84 314.06
25 247.31
78 101.83
28 913.02
42 893.32
12 603.50
99 230.68
46 266.10
73 838.23
29 874.13
26 710.14
86 342.69
66 975.24
13 719.32
48 546.25
80 229.21
63 137.63
56 893.82
74 272.98
77 256.52
96 251.00
83 915.65
84 199.47
95 311.77
93 397.03
19 589.48
54 302.99
69 315.27
50 270.40
93 362.68
9 504.75
48 354.46
13 337.64
100 319.41
44 261.11
79 257.80
43 876.41
34 471.55
23 215.82
59 401.86
77 334.32
57 204.21
93 303.80
38 932.37
100 632.79
86 698.64
83 215.90
93 386.31
97 561.78
57 997.62
47 756.08
24 758.93
3 134.58
72 706.60
56 740.36
10 628.45
59 971.96
78 633.70
55 324.34
57 247.60
90 376.48
25 200.83
33 309.28
20 529.60
53 613.82
8 247.58
16 978.39
8 517.90
4 378.03
51 992.24
55 563.37
11 311.70
6 858.41
56 937.30
61 884.53
32 824.72
98 804.20
89 440.46
51 675.81
98 796.19
94 421.64
10 673.32
99 971.49
42 592.58
85 593.65
20 351.95
40 487.87
91 922.30
51 729.94
11 307.65
69 252.10
63 496.26
6 713.51
65 346.88
99 969.00
33 320.10
31 372.77
18 501.17
39 556.12
47 104.89
73 179.04
24 441.62
25 222.01
32 882.71
44 246.42
100 188.52
22 710.33
55 249.78
30 204.88
33 156.77
77 508.36
71 860.53
35 687.01
32 641.02
18 629.92
7 749.90
22 653.13
12 198.53
50 186.83
48 475.48
54 165.97
46 380.27
33 131.63
20 727.35
51 441.60
99 793.45
99 693.72
45 528.75
80 637.12
58 366.62
17 407.83
64 437.37
13 119.32
58 669.97
25 325.49
24 245.60
3 433.35
50 821.52
96 955.35
73 553.19
25 705.20
78 904.81
80 179.20
70 652.41
78 657.65
39 566.36
13 378.16
40 971.82
82 846.04
61 691.71
52 113.34
65 131.36
84 127.94
55 534.88
1 119.48
21 594.81
82 275.70
97 368.04
95 675.82
19 260.81
94 466.20
34 179.62
51 459.69
34 424.61
20 483.06
5 103.40
14 675.32
2 545.67
9 468.72
100 571.44
97 331.09
76 830.92
74 916.94
6 326.86
2 250.13
71 886.30
38 905.66
17 670.76
70 615.29
76 532.52
41 934.38
13 927.99
19 296.77
67 696.82
98 766.73
95 743.97
74 733.29
92 624.83
9 767.51
11 734.77
85 295.45
55 733.77
80 634.66
63 484.40
5 846.93
88 719.99
87 738.15
71 759.93
78 521.52
45 884.88
18 467.84
54 779.80
60 754.04
77 279.90
64 251.10
19 109.82
51 736.25
18 782.78
61 915.94
60 245.58
23 548.08
56 829.08
67 875.63
21 810.16
54 653.27
86 240.64
91 243.46
84 311.10
91 761.83
93 931.58
78 510.37
9 334.12
35 413.90
70 537.67
91 873.21
17 832.46
75 448.47
90 209.53
57 295.45
52 559.27
49 136.74
86 120.65
29 315.76
4 747.62
71 383.48
47 153.02
36 778.21
81 361.87
47 197.53
77 626.54
1 752.80
13 719.95
18 514.92
47 517.40
12 998.05
27 916.28
49 117.40
24 249.89
57 329.47
43 322.48
14 816.59
37 909.19
31 811.38
84 897.11
74 274.21
84 730.77
94 962.82
75 611.92
35 295.25
46 999.51
76 639.97
12 911.51
39 549.32
32 392.03
59 539.90
40 637.11
17 794.52
47 973.94
64 668.40
57 849.04
31 273.25
66 479.49
67 599.64
7 834.30
85 405.21
7 606.20
75 787.71
5 829.42
66 934.73
88 412.73
86 763.21
94 726.94
16 755.57
24 547.48
43 328.57
33 876.06
90 792.19
93 915.48
51 564.24
39 194.67
30 730.91
83 370.83
94 437.58
74 960.84
66 549.81
53 615.77
18 580.43
47 149.67
33 601.35
40 379.44
94 162.42
100 180.35
18 958.30
86 976.66
47 592.37
44 415.67
70 849.74
33 772.20
14 935.88
90 243.52
16 552.22
89 177.80
55 583.34
45 894.31
75 951.10
69 894.65
27 894.03
68 534.36
26 389.82
13 848.98
70 694.33
33 813.63
22 327.72
24 882.77
39 713.36
48 121.29
12 937.26
51 449.56
41 307.95
92 340.01
35 392.57
76 963.45
23 815.76
65 197.46
4 265.59
19 297.66
51 721.70
89 880.82
77 357.68
92 899.16
74 802.08
31 737.03
42 924.38
91 443.59
71 400.94
49 634.53
30 509.82
99 779.71
30 457.20
51 437.51
63 673.83
20 952.92
69 473.96
76 994.87
89 245.65
78 551.21
33 905.98
79 841.56
39 227.40
14 385.09
54 852.90
17 382.98
96 698.89
95 649.65
58 184.40
33 270.74
42 588.94
97 646.20
65 897.00
51 518.18
9 104.64
6 538.63
53 946.12
34 345.22
63 363.66
10 598.82
72 440.11
20 758.64
58 323.42
54 928.63
77 899.06
30 924.69
14 265.02
66 440.26
22 751.23
28 535.10
91 970.42
96 938.25
25 529.97
39 108.41
88 106.98
51 698.25
82 102.80
38 230.78
55 146.60
86 115.61
29 581.37
59 238.23
39 265.41
62 330.50
19 166.97
28 555.40
95 927.84
3 179.42
87 429.33
55 149.50
44 738.40
86 829.52
36 775.17
38 159.14
29 282.66
63 551.02
2 878.38
10 769.71
78 790.88
40 980.20
79 358.55
58 542.96
100 763.38
6 142.08
66 306.15
81 347.53
82 546.18
17 327.09
89 940.61
89 141.08
47 267.85
26 245.83
89 751.89
81 175.22
40 822.67
85 298.73
6 199.98
84 705.14
84 145.68
37 874.69
67 112.93
13 436.43
72 268.09
19 138.80
60 636.06
81 738.66
2 161.15
47 458.23
77 192.23
73 102.56
33 588.59
88 113.14
24 281.80
86 401.18
18 744.66
23 151.95
39 883.30
59 888.84
78 761.44
79 354.04
73 529.13
88 226.00
55 141.10
35 487.34
31 841.21
63 310.88
39 486.57
20 493.27
95 643.47
55 687.28
82 831.58
13 268.89
50 272.02
1 841.42
82 630.75
12 166.19
34 241.83
41 170.86
95 860.47
82 960.39
78 434.25
11 995.95
1 155.52
76 324.53
46 147.51
12 280.38
42 167.27
62 128.39
72 740.05
12 994.50
50 886.12
56 631.25
86 931.32
54 118.21
98 224.30
50 327.26
14 643.56
81 819.21
71 751.27
56 418.28
25 978.29
7 177.69
5 846.28
77 527.43
96 531.75
76 499.53
82 651.25
28 858.71
56 160.68
84 924.76
98 124.92
85 295.00
31 357.71
17 134.01
29 438.38
96 296.29
78 947.14
22 206.77
44 412.88
44 630.49
28 877.68
28 101.16
26 869.15
65 403.68
52 433.48
25 868.04
79 361.56
65 391.56
25 838.64
72 926.57
54 146.17
43 261.72
35 553.32
76 518.52
73 821.12
85 570.21
31 523.34
27 797.54
40 411.82
13 633.53
35 194.42
44 309.65
66 954.08
42 450.51
56 122.94
2 484.27
67 769.50
67 161.91
42 252.44
23 988.31
49 862.95
87 977.35
66 298.33
9 884.27
20 625.77
8 918.19
86 146.94
58 644.24
41 340.73
31 245.47
22 859.48
35 469.52
43 729.82
83 931.53
63 382.99
19 236.44
82 539.13
57 767.29
73 773.94
56 762.84
7 538.17
12 493.55
17 698.02
76 664.04
72 411.65
7 494.32
22 560.99
55 491.00
91 213.81
65 726.97
23 432.20
52 985.13
52 326.14
55 416.94
38 248.43
53 342.34
49 134.86
47 916.43
55 590.81
35 624.37
89 157.41
66 285.15
75 347.23
68 907.60
10 740.45
51 684.81
20 330.38
23 121.73
16 506.24
56 140.23
97 428.86
3 471.34
30 120.22
39 973.62
84 556.07
73 833.62
72 491.34
91 826.71
27 747.62
5 264.93
72 296.32
76 799.83
85 396.51
4 348.01
32 990.31
42 635.24
50 381.48
69 734.64
65 614.60
5 315.21
16 369.06
27 842.33
27 445.76
9 858.34
1 412.07
4 159.14
40 388.61
41 743.48
83 855.52
70 660.89
9 585.11
46 633.81
23 260.82
92 599.35
48 654.56
10 187.05
70 400.78
30 300.64
29 102.57
35 525.17
63 804.71
86 546.01
98 118.90
22 547.07
9 659.10
32 966.51
80 370.00
50 324.98
92 390.32
35 495.53
62 203.48
67 892.27
59 679.38
99 143.95
87 530.93
61 446.72
29 950.32
34 338.02
4 438.10
52 259.72
8 673.29
52 685.38
40 337.37
11 968.57
18 334.39
60 441.79
21 194.45
76 557.51
12 823.74
26 393.12
17 375.00
19 760.45
28 885.06
65 894.48
71 466.93
54 475.63
3 524.43
71 805.96
32 258.08
45 141.38
55 784.59
42 744.01
21 492.57
40 359.12
58 550.57
15 747.19
75 796.16
73 418.88
9 435.85
36 730.59
13 204.94
92 731.43
72 154.18
14 287.20
79 290.09
77 799.71
25 885.51
100 134.89
34 768.12
20 279.30
19 623.65
29 945.84
75 164.91
87 684.58
10 778.37
100 441.59
69 725.34
100 129.44
4 249.98
94 241.80
71 526.70
78 108.65
34 979.74
73 987.46
83 475.38
21 127.15
8 861.42
18 739.20
1 809.96
76 715.72
5 939.32
48 676.69
15 273.90
40 470.88
37 871.38
20 495.64
47 415.67
66 312.97
58 970.63
30 142.28
63 218.40
29 531.86
83 829.03
35 319.96
91 672.88
83 796.57
72 197.05
28 941.93
100 637.20
14 468.61
48 414.23
95 333.06
84 728.20
28 342.07
29 827.29
74 786.04
73 979.09
69 372.77
3 187.09
100 890.98
52 309.68
20 881.95
19 421.16
11 864.57
35 161.07
11 861.31
51 369.79
47 367.23
72 881.78
53 824.67
1 131.73
22 711.52
72 454.26
75 144.09
51 155.35
37 700.75
2 531.48
95 991.22
17 552.83
85 810.30
88 258.38
19 465.89
33 798.10
49 136.06
7 122.45
45 955.22
71 221.01
25 157.56
63 355.51
89 764.10
27 408.88
85 897.79
67 838.04
20 913.73
98 835.96
59 344.50
4 464.51
19 338.19
76 110.24
46 727.47
42 483.30
5 639.92
71 730.29
94 990.76
13 895.50
96 671.98
40 677.24
69 530.69
85 701.58
57 209.55
26 513.31
73 415.44
42 743.46
82 500.32
58 999.17
31 787.16
56 494.32
16 909.02
78 779.59
58 370.23
59 835.73
53 312.83
58 338.93
32 608.21
33 773.22
20 590.94
34 779.64
8 213.08
60 992.22
16 349.99
31 748.59
25 590.30
64 847.22
84 926.21
33 717.13
20 367.24
57 623.50
91 706.44
11 574.55
67 983.51
53 251.69
54 500.36
73 115.16
2 270.32
32 635.63
67 849.24
48 765.13
10 587.33
29 437.14
23 574.06
27 204.42
100 967.26
45 758.05
96 415.06
92 172.40
71 191.77
85 306.75
39 986.37
9 751.50
18 577.91
47 188.72
8 757.19
76 352.08
90 730.24
34 197.43
22 329.22
73 807.14
97 239.40
64 142.22
25 312.78
88 780.79
24 278.95
8 331.83
66 673.55
37 310.43
85 656.91
11 853.09
29 955.93
12 712.22
92 361.41
79 954.48
79 515.92
62 979.14
62 649.08
65 114.04
14 218.21
4 913.71
60 942.17
83 488.72
34 170.81
39 657.85
54 668.19
58 100.96
22 250.12
48 299.70
92 275.19
74 200.55
24 803.09
69 472.32
63 598.54
4 196.16
89 726.90
43 477.16
68 432.55
72 833.01
96 725.66
90 771.28
68 823.11
87 700.41
28 250.04
47 211.62
7 585.97
28 872.97
61 184.67
43 196.37
15 400.03
9 118.77
12 767.35
42 291.57
54 571.71
99 819.39
75 367.56
3 967.92
16 735.46
98 666.44
94 817.75
76 385.01
67 626.36
67 665.54
52 622.71
15 452.46
41 782.99
22 283.29
18 539.67
80 785.81
36 621.61
44 364.52
9 314.52
29 465.82
53 797.03
84 167.10
38 400.86
83 229.85
37 758.88
38 188.34
86 257.11
48 589.71
10 248.85
84 883.56
98 464.44
26 107.05
61 988.04
90 264.59
5 346.89
12 451.15
36 430.39
20 394.31
69 641.44
89 181.83
70 963.38
6 278.57
89 300.27
85 665.29
26 765.24
47 581.65
75 547.07
25 849.17
6 943.90
28 786.36
53 659.20
21 830.29
48 489.68
2 907.56
77 287.53
85 650.51
18 620.60
9 810.37
60 192.45
90 345.65
64 462.46
94 603.51
14 212.54
19 559.86
81 452.20
27 973.95
89 791.87
76 687.20
44 980.16
17 222.38
99 195.53
49 933.34
14 930.44
85 976.42
55 281.78
7 698.58
91 620.54
18 743.19
59 355.34
18 859.03
33 653.02
75 671.23
12 784.73
87 123.90
68 109.41
16 173.78
71 534.64
38 911.75
68 775.70
45 605.85
93 721.86
82 723.46
30 407.24
72 123.76
84 442.99
50 943.54
69 254.13
51 641.23
10 464.75
70 709.67
29 854.34
83 774.95
65 928.66
68 875.35
49 983.81
58 158.39
74 264.82
28 646.31
67 735.29
91 744.23
57 771.01
86 635.91
3 474.25
13 883.12
27 392.49
3 301.07
4 324.61
25 205.18
87 346.81
24 356.89
86 226.09
38 959.92
3 634.84
16 672.56
49 459.89
10 374.77
45 449.44
90 175.67
23 550.38
58 508.13
2 439.05
41 632.99
74 872.81
12 972.14
56 331.46
15 692.99
29 770.51
22 713.58
65 303.61
33 414.16
37 322.46
37 727.52
4 566.74
16 546.95
90 123.65
4 936.37
81 673.25
57 630.21
52 310.26
9 413.93
27 955.25
14 242.18
41 584.52
40 628.96
29 131.56
64 962.26
100 721.44
28 396.87
34 170.90
61 543.13
68 756.25
92 772.37
4 813.72
89 836.70
17 393.81
90 442.87
69 316.70
46 843.04
62 731.05
74 352.04
47 168.04
67 793.34
37 350.44
76 257.51
16 893.84
93 294.11
77 194.50
38 500.42
6 321.29
87 248.30
33 297.62
98 786.22
58 286.48
9 517.61
78 106.90
6 860.07
90 569.86
5 989.73
51 568.20
37 756.98
95 115.74
59 554.19
7 295.55
62 247.94
89 944.18
38 921.19
78 207.05
10 112.22
35 953.29
31 732.38
60 275.44
80 235.03
55 984.92
40 614.32
66 892.37
25 474.45
37 178.36
38 838.06
94 658.76
53 388.69
47 454.04
28 114.11
85 777.85
2 400.40
43 986.39
16 862.13
49 442.70
87 766.04
13 454.78
48 154.63
100 151.22
90 972.56
14 150.63
88 810.42
46 120.14
71 457.97
62 282.70
14 578.50
81 227.51
20 723.92
41 957.69
43 675.31
85 354.08
15 881.87
50 127.66
44 653.47
80 722.11
100 251.02
80 299.84
21 868.83
8 424.60
11 214.70
47 623.18
56 802.75
57 984.51
7 601.35
48 929.42
19 435.45
33 923.13
37 941.31
31 111.36
38 727.92
44 360.78
38 992.91
85 182.91
37 970.90
63 518.01
25 989.59
75 134.26
10 262.30
87 771.65
52 376.94
22 736.28
86 278.23
38 207.78
22 794.05
53 885.45
24 144.94
75 302.13
93 853.57
99 949.03
15 332.48
52 649.87
1 634.68
6 827.35
87 710.12
55 434.37
6 803.29
67 528.45
69 588.41
28 192.71
64 324.50
56 129.99
99 848.12
21 543.79
17 588.22
51 996.31
53 921.14
45 247.64
74 449.23
52 483.51
96 377.77
87 689.69
15 484.53
10 107.25
65 669.47
39 649.19
80 129.56
5 848.83
73 454.26
45 192.83
82 349.71
34 478.86
48 888.68
40 608.41
54 321.35
39 797.11
84 411.89
84 161.54
21 270.75
78 189.55
95 475.26
29 847.18
99 153.68
46 401.58
100 112.85
59 148.39
32 936.37
99 957.32
10 834.90
49 734.45
3 318.19
50 221.09
49 253.91
90 110.47
45 658.88
21 684.91
6 672.16
73 106.86
29 569.50
31 544.32
90 615.52
28 888.27
92 880.75
53 655.97
24 880.98
79 942.78
35 792.14
28 301.36
25 809.57
21 245.67
87 540.77
60 480.98
83 605.07
67 437.84
67 282.15
65 296.79
12 486.72
47 729.15
19 389.43
38 434.51
57 403.32
33 920.63
59 781.54
63 301.27
29 942.32
60 374.78
79 844.94
57 449.29
57 232.26
43 136.34
13 554.97
25 904.51
65 441.84
67 536.55
57 546.44
8 742.30
53 534.39
70 863.13
77 899.72
